1	    25.61	25.86	26.39	25.82	25.04	25.35	26.69	27.65
2	    25.61	25.87	26.40	25.82	25.05	25.37	26.69	27.65
3	    25.62	25.88	26.41	25.84	25.06	25.38	26.70	27.65
4	    25.62	25.88	26.42	25.84	25.07	25.40	26.71	27.64
5	    25.63	25.89	26.43	25.84	25.07	25.40	26.72	27.64
6	    25.62	25.90	26.44	25.85	25.08	25.42	26.72	27.65
7	    25.63	25.91	26.45	25.85	25.10	25.43	26.74	27.64
8	    25.63	25.92	26.46	25.85	25.10	25.45	26.74	27.64
9	    25.64	25.93	26.47	25.86	25.12	25.46	26.75	27.64
10	    25.65	25.94	26.49	25.87	25.12	25.47	26.75	27.64
11	    25.65	25.95	26.49	25.87	25.14	25.49	26.77	27.64
12	    25.65	25.96	26.50	25.88	25.15	25.50	26.77	27.63
13	    25.66	25.96	26.51	25.88	25.16	25.51	26.78	27.63
14	    25.66	25.98	26.53	25.89	25.17	25.53	26.78	27.63
15	    25.66	25.99	26.53	25.89	25.18	25.54	26.80	27.62
16	    25.67	26.00	26.54	25.90	25.18	25.55	26.80	27.62
17	    25.67	26.01	26.55	25.91	25.19	25.57	26.80	27.62
18	    25.69	26.02	26.56	25.92	25.20	25.58	26.81	27.62
19	    25.68	26.03	26.58	25.92	25.22	25.59	26.82	27.62
20	    25.69	26.04	26.59	25.93	25.22	25.60	26.83	27.61
21	    25.69	26.05	26.60	25.93	25.23	25.62	26.85	27.62
22	    25.69	26.05	26.61	25.93	25.25	25.63	26.85	27.61
23	    25.70	26.05	26.62	25.94	25.25	25.64	26.85	27.61
24	    25.70	26.06	26.63	25.95	25.26	25.66	26.87	27.61
25	    25.70	26.07	26.64	25.95	25.28	25.66	26.88	27.60
26	    25.71	26.09	26.65	25.96	25.28	25.68	26.88	27.60
27	    25.71	26.10	26.67	25.96	25.30	25.69	26.89	27.60
28	    25.72	26.11	26.68	25.97	25.31	25.71	26.90	27.60
29	    25.72	26.12	26.69	25.98	25.31	25.72	26.91	27.60
30	    25.72	26.13	26.71	25.99	25.33	25.73	26.92	27.59
31	    25.73	26.13	26.72	25.99	25.34	25.75	26.94	27.60
32	    25.74	26.15	26.73	26.00	25.35	25.77	26.93	27.59
33	    25.74	26.16	26.75	26.00	25.36	25.78	26.95	27.60
34	    25.75	26.17	26.76	26.01	25.37	25.79	26.96	27.60
35	    25.75	26.18	26.78	26.01	25.38	25.80	26.96	27.59
36	    25.76	26.19	26.79	26.02	25.40	25.82	26.98	27.59
37	    25.77	26.20	26.80	26.03	25.40	25.83	26.98	27.59
38	    25.77	26.21	26.82	26.04	25.42	25.85	26.99	27.59
39	    25.77	26.22	26.83	26.04	25.42	25.86	27.00	27.59
40	    25.77	26.23	26.84	26.05	25.44	25.87	27.01	27.59
41	    25.78	26.24	26.85	26.06	25.45	25.89	27.02	27.59
42	    25.79	26.24	26.87	26.06	25.46	25.90	27.03	27.58
43	    25.80	26.26	26.87	26.07	25.47	25.91	27.04	27.59
44	    25.80	26.27	26.88	26.08	25.48	25.92	27.05	27.58
45	    25.80	26.28	26.89	26.09	25.50	25.94	27.05	27.58
46	    25.81	26.29	26.91	26.09	25.50	25.94	27.06	27.58
47	    25.81	26.29	26.91	26.10	25.51	25.96	27.07	27.58
48	    25.82	26.30	26.92	26.11	25.53	25.97	27.07	27.58
49	    25.82	26.31	26.94	26.11	25.54	25.98	27.09	27.58
50	    25.82	26.32	26.95	26.12	25.55	26.00	27.09	27.57
51	    25.83	26.33	26.96	26.13	25.56	26.01	27.10	27.57
52	    25.83	26.34	26.97	26.13	25.57	26.02	27.10	27.57
53	    25.84	26.34	26.98	26.14	25.58	26.04	27.12	27.57
54	    25.84	26.36	26.99	26.15	25.58	26.05	27.12	27.56
55	    25.85	26.37	27.00	26.16	25.60	26.07	27.14	27.57
56	    25.85	26.38	27.01	26.16	25.61	26.08	27.14	27.57
57	    25.85	26.39	27.02	26.17	25.62	26.09	27.15	27.56
58	    25.86	26.40	27.04	26.17	25.63	26.11	27.16	27.56
59	    25.86	26.41	27.05	26.18	25.65	26.12	27.17	27.56
60	    25.87	26.42	27.06	26.19	25.65	26.13	27.17	27.56
61	    25.87	26.43	27.07	26.20	25.67	26.14	27.18	27.56
62	    25.88	26.44	27.08	26.21	25.68	26.16	27.19	27.56
63	    25.89	26.45	27.09	26.22	25.69	26.18	27.20	27.55
64	    25.89	26.45	27.11	26.21	25.70	26.18	27.21	27.56
65	    25.90	26.47	27.12	26.23	25.71	26.20	27.21	27.56
66	    25.91	26.48	27.13	26.23	25.72	26.22	27.22	27.55
67	    25.91	26.49	27.14	26.24	25.73	26.23	27.23	27.55
68	    25.92	26.50	27.15	26.25	25.74	26.24	27.24	27.55
69	    25.92	26.51	27.17	26.26	25.76	26.26	27.25	27.55
70	    25.93	26.51	27.18	26.26	25.76	26.27	27.26	27.55
71	    25.94	26.52	27.19	26.27	25.78	26.28	27.27	27.55
72	    25.94	26.54	27.20	26.28	25.80	26.29	27.27	27.55
73	    25.94	26.54	27.21	26.29	25.80	26.31	27.28	27.54
74	    25.95	26.55	27.22	26.30	25.81	26.32	27.29	27.55
75	    25.95	26.57	27.23	26.31	25.83	26.34	27.30	27.55
76	    25.97	26.58	27.24	26.31	25.83	26.35	27.31	27.55
77	    25.97	26.59	27.26	26.32	25.84	26.36	27.32	27.54
78	    25.97	26.59	27.27	26.34	25.86	26.38	27.32	27.55
79	    25.98	26.60	27.28	26.34	25.87	26.38	27.33	27.54
80	    25.99	26.62	27.29	26.35	25.88	26.40	27.34	27.54
81	    25.99	26.62	27.30	26.35	25.89	26.42	27.35	27.54
82	    26.00	26.64	27.32	26.36	25.91	26.43	27.36	27.54
83	    26.00	26.65	27.32	26.37	25.92	26.45	27.37	27.54
84	    26.01	26.66	27.34	26.38	25.93	26.50	27.38	27.54
85	    26.02	26.68	27.37	26.39	25.94	26.59	27.39	27.54
86	    26.02	26.72	27.42	26.40	25.95	26.74	27.39	27.54
87	    26.03	26.78	27.49	26.40	25.97	26.92	27.41	27.54
88	    26.03	26.85	27.58	26.41	25.99	27.15	27.42	27.54
89	    26.04	26.94	27.69	26.42	26.02	27.42	27.43	27.54
90	    26.05	27.06	27.83	26.43	26.04	27.72	27.45	27.54
91	    26.05	27.19	27.99	26.44	26.09	28.04	27.45	27.54
92	    26.06	27.34	28.17	26.45	26.15	28.37	27.47	27.53
93	    26.06	27.50	28.37	26.46	26.20	28.73	27.48	27.53
94	    26.08	27.68	28.59	26.47	26.27	29.07	27.51	27.53
95	    26.09	27.87	28.81	26.50	26.34	29.44	27.53	27.53
96	    26.10	28.07	29.06	26.51	26.43	29.81	27.56	27.53
97	    26.12	28.28	29.29	26.52	26.53	30.19	27.60	27.53
98	    26.14	28.49	29.56	26.55	26.63	30.56	27.63	27.53
99	    26.15	28.72	29.82	26.57	26.75	30.93	27.68	27.53
100	    26.18	28.94	30.09	26.60	26.87	31.31	27.72	27.53
101	    26.20	29.18	30.37	26.63	26.99	31.66	27.78	27.53
102	    26.22	29.41	30.64	26.66	27.12	32.02	27.84	27.53
103	    26.26	29.64	30.92	26.70	27.27	32.39	27.90	27.53
104	    26.29	29.88	31.20	26.74	27.41	32.74	27.96	27.53
105	    26.33	30.12	31.48	26.78	27.57	33.09	28.04	27.53
106	    26.37	30.37	31.77	26.84	27.72	33.42	28.12	27.53
107	    26.41	30.61	32.05	26.88	27.88	33.75	28.20	27.54
108	    26.45	30.85	32.33	26.94	28.04	34.09	28.28	27.53
109	    26.50	31.09	32.61	26.99	28.20	34.42	28.38	27.53
110	    26.55	31.32	32.89	27.06	28.37	34.74	28.47	27.53
111	    26.60	31.56	33.17	27.13	28.54	35.05	28.58	27.53
112	    26.66	31.80	33.45	27.20	28.71	35.35	28.68	27.53
113	    26.71	32.03	33.71	27.26	28.88	35.66	28.78	27.54
114	    26.77	32.26	33.98	27.33	29.06	35.96	28.89	27.53
115	    26.83	32.50	34.25	27.40	29.24	36.26	29.00	27.53
116	    26.90	32.73	34.52	27.48	29.41	36.54	29.13	27.53
117	    26.96	32.96	34.78	27.56	29.60	36.82	29.25	27.54
118	    27.03	33.17	35.04	27.64	29.78	37.10	29.37	27.53
119	    27.10	33.39	35.30	27.73	29.97	37.38	29.50	27.54
120	    27.17	33.62	35.55	27.82	30.15	37.64	29.62	27.54
121	    27.24	33.84	35.79	27.90	30.33	37.90	29.76	27.54
122	    27.32	34.05	36.04	27.99	30.52	38.17	29.89	27.54
123	    27.40	34.26	36.28	28.08	30.71	38.43	30.03	27.54
124	    27.47	34.48	36.52	28.17	30.89	38.68	30.16	27.54
125	    27.55	34.68	36.75	28.27	31.07	38.92	30.31	27.54
126	    27.64	34.89	36.99	28.36	31.27	39.17	30.45	27.54
127	    27.72	35.09	37.22	28.46	31.44	39.41	30.58	27.55
128	    27.80	35.29	37.44	28.56	31.63	39.65	30.73	27.55
129	    27.89	35.49	37.66	28.66	31.83	39.88	30.88	27.55
130	    27.97	35.68	37.88	28.76	32.01	40.11	31.02	27.55
131	    28.05	35.88	38.09	28.86	32.20	40.34	31.16	27.55
132	    28.14	36.07	38.31	28.96	32.39	40.56	31.32	27.55
133	    28.23	36.26	38.52	29.06	32.57	40.78	31.46	27.56
134	    28.32	36.45	38.73	29.17	32.76	41.00	31.62	27.56
135	    28.41	36.63	38.93	29.27	32.94	41.21	31.76	27.56
136	    28.50	36.82	39.13	29.37	33.13	41.43	31.92	27.57
137	    28.59	36.99	39.33	29.48	33.32	41.63	32.07	27.57
138	    28.68	37.17	39.53	29.59	33.50	41.83	32.22	27.57
139	    28.78	37.34	39.72	29.69	33.68	42.04	32.37	27.57
140	    28.87	37.51	39.91	29.79	33.87	42.24	32.53	27.58
141	    28.96	37.69	40.10	29.91	34.05	42.44	32.67	27.58
142	    29.06	37.86	40.28	30.01	34.23	42.64	32.83	27.58
143	    29.15	38.02	40.46	30.12	34.42	42.82	32.98	27.59
144	    29.24	38.19	40.64	30.23	34.59	43.02	33.13	27.59
145	    29.35	38.35	40.82	30.33	34.78	43.21	33.29	27.59
146	    29.44	38.52	40.99	30.44	34.95	43.39	33.44	27.60
147	    29.54	38.67	41.16	30.55	35.13	43.57	33.59	27.60
148	    29.63	38.83	41.33	30.66	35.32	43.76	33.74	27.60
149	    29.72	38.99	41.50	30.77	35.49	43.93	33.90	27.61
150	    29.82	39.14	41.66	30.88	35.67	44.12	34.05	27.62
151	    29.92	39.30	41.82	30.99	35.85	44.29	34.19	27.62
152	    30.02	39.44	41.98	31.10	36.02	44.47	34.34	27.63
153	    30.11	39.59	42.14	31.21	36.20	44.64	34.49	27.63
154	    30.20	39.74	42.29	31.31	36.38	44.80	34.65	27.64
155	    30.30	39.89	42.44	31.42	36.55	44.97	34.79	27.65
156	    30.40	40.03	42.60	31.53	36.72	45.14	34.94	27.65
157	    30.50	40.17	42.75	31.64	36.89	45.30	35.09	27.66
158	    30.60	40.31	42.89	31.75	37.07	45.47	35.24	27.66
159	    30.70	40.45	43.04	31.86	37.23	45.63	35.38	27.67
160	    30.79	40.58	43.18	31.97	37.40	45.79	35.53	27.68
161	    30.89	40.72	43.32	32.07	37.57	45.94	35.67	27.68
162	    30.99	40.86	43.46	32.18	37.74	46.10	35.82	27.69
163	    31.08	40.99	43.59	32.28	37.90	46.26	35.97	27.70
164	    31.18	41.11	43.72	32.39	38.08	46.39	36.11	27.70
165	    31.28	41.24	43.85	32.50	38.24	46.51	36.25	27.72
166	    31.37	41.35	43.96	32.61	38.40	46.57	36.39	27.72
167	    31.47	41.45	44.05	32.71	38.56	46.60	36.53	27.73
168	    31.57	41.52	44.12	32.82	38.72	46.57	36.67	27.74
169	    31.66	41.59	44.16	32.93	38.88	46.51	36.81	27.75
170	    31.76	41.63	44.18	33.03	39.02	46.42	36.95	27.76
171	    31.85	41.64	44.19	33.14	39.17	46.30	37.08	27.76
172	    31.96	41.64	44.16	33.24	39.29	46.15	37.21	27.77
173	    32.05	41.63	44.12	33.34	39.42	45.99	37.34	27.79
174	    32.14	41.60	44.06	33.44	39.53	45.81	37.46	27.79
175	    32.24	41.56	43.98	33.54	39.63	45.63	37.59	27.81
176	    32.33	41.50	43.89	33.63	39.73	45.43	37.70	27.81
177	    32.42	41.44	43.79	33.73	39.81	45.24	37.81	27.83
178	    32.50	41.36	43.67	33.82	39.88	45.03	37.92	27.84
179	    32.59	41.28	43.55	33.91	39.95	44.84	38.02	27.85
180	    32.67	41.19	43.42	33.99	40.00	44.63	38.11	27.86
181	    32.75	41.09	43.29	34.07	40.05	44.43	38.20	27.87
182	    32.83	40.99	43.15	34.15	40.10	44.23	38.30	27.88
183	    32.90	40.88	43.00	34.22	40.13	44.03	38.37	27.90
184	    32.98	40.77	42.85	34.29	40.16	43.83	38.44	27.91
185	    33.04	40.67	42.70	34.36	40.18	43.64	38.52	27.92
186	    33.11	40.55	42.55	34.43	40.20	43.45	38.58	27.93
187	    33.16	40.44	42.40	34.48	40.21	43.27	38.63	27.95
188	    33.23	40.33	42.24	34.54	40.22	43.09	38.68	27.96
189	    33.28	40.22	42.09	34.59	40.22	42.91	38.74	27.97
190	    33.34	40.09	41.94	34.64	40.22	42.73	38.77	27.99
191	    33.39	39.98	41.79	34.70	40.22	42.56	38.81	28.01
192	    33.44	39.87	41.63	34.74	40.22	42.41	38.84	28.02
193	    33.48	39.75	41.48	34.78	40.21	42.24	38.87	28.03
194	    33.53	39.64	41.33	34.82	40.19	42.08	38.90	28.04
195	    33.56	39.52	41.18	34.85	40.17	41.92	38.91	28.06
196	    33.60	39.41	41.04	34.88	40.16	41.78	38.93	28.07
197	    33.64	39.30	40.89	34.91	40.13	41.63	38.94	28.09
198	    33.68	39.19	40.74	34.94	40.12	41.49	38.95	28.11
199	    33.71	39.08	40.60	34.96	40.09	41.35	38.95	28.12
200	    33.74	38.98	40.46	34.98	40.06	41.22	38.95	28.13
201	    33.77	38.87	40.32	35.01	40.04	41.09	38.95	28.15
202	    33.80	38.77	40.20	35.03	40.01	40.96	38.94	28.17
203	    33.82	38.67	40.06	35.04	39.98	40.83	38.93	28.18
204	    33.84	38.56	39.93	35.05	39.94	40.71	38.92	28.20
205	    33.86	38.46	39.80	35.07	39.91	40.60	38.91	28.22
206	    33.88	38.37	39.68	35.08	39.88	40.48	38.89	28.24
207	    33.90	38.27	39.55	35.09	39.84	40.37	38.88	28.25
208	    33.92	38.18	39.43	35.09	39.80	40.26	38.85	28.27
209	    33.94	38.09	39.31	35.10	39.77	40.15	38.83	28.29
210	    33.95	37.99	39.19	35.11	39.73	40.04	38.80	28.31
211	    33.96	37.91	39.08	35.11	39.69	39.95	38.77	28.33
212	    33.98	37.82	38.96	35.12	39.65	39.84	38.74	28.34
213	    33.99	37.72	38.86	35.11	39.61	39.75	38.71	28.36
214	    34.00	37.64	38.75	35.12	39.57	39.65	38.68	28.38
215	    34.01	37.56	38.64	35.12	39.53	39.56	38.65	28.40
216	    34.02	37.48	38.54	35.12	39.48	39.47	38.62	28.41
217	    34.02	37.40	38.43	35.11	39.45	39.38	38.58	28.43
218	    34.03	37.32	38.33	35.11	39.40	39.29	38.54	28.45
219	    34.04	37.24	38.24	35.11	39.36	39.21	38.50	28.47
220	    34.05	37.17	38.14	35.10	39.32	39.12	38.46	28.49
221	    34.04	37.09	38.05	35.10	39.27	39.04	38.42	28.51
222	    34.06	37.02	37.95	35.09	39.23	38.96	38.38	28.52
223	    34.05	36.96	37.88	35.08	39.18	38.88	38.33	28.55
224	    34.06	36.88	37.78	35.07	39.14	38.81	38.30	28.56
225	    34.06	36.81	37.69	35.07	39.10	38.73	38.25	28.59
226	    34.06	36.75	37.61	35.06	39.05	38.66	38.21	28.60
227	    34.06	36.68	37.52	35.05	39.00	38.59	38.16	28.62
228	    34.06	36.61	37.44	35.04	38.95	38.52	38.11	28.64
229	    34.06	36.55	37.36	35.03	38.91	38.45	38.07	28.66
230	    34.06	36.49	37.29	35.02	38.87	38.38	38.03	28.68
231	    34.06	36.43	37.22	35.01	38.82	38.31	37.98	28.70
232	    34.06	36.37	37.14	35.00	38.78	38.25	37.94	28.72
233	    34.06	36.31	37.07	34.99	38.73	38.18	37.88	28.74
234	    34.06	36.25	37.00	34.98	38.69	38.12	37.84	28.76
235	    34.06	36.20	36.93	34.97	38.64	38.06	37.79	28.78
236	    34.05	36.14	36.86	34.95	38.60	38.00	37.75	28.80
237	    34.05	36.09	36.80	34.94	38.55	37.94	37.70	28.82
238	    34.05	36.03	36.73	34.93	38.51	37.89	37.65	28.83
239	    34.04	35.99	36.67	34.92	38.46	37.83	37.60	28.85
240	    34.04	35.93	36.60	34.90	38.42	37.78	37.55	28.87
241	    34.03	35.89	36.55	34.89	38.38	37.72	37.50	28.89
242	    34.03	35.84	36.49	34.87	38.33	37.66	37.46	28.91
243	    34.02	35.79	36.43	34.86	38.29	37.61	37.41	28.92
244	    34.02	35.74	36.37	34.85	38.24	37.56	37.36	28.95
245	    34.01	35.71	36.32	34.83	38.19	37.54	37.31	28.97
246	    34.01	35.67	36.28	34.82	38.15	37.56	37.27	28.98
247	    34.00	35.65	36.26	34.80	38.11	37.63	37.22	29.00
248	    33.99	35.65	36.26	34.79	38.07	37.75	37.17	29.02
249	    33.99	35.67	36.28	34.78	38.03	37.90	37.13	29.03
250	    33.99	35.71	36.33	34.76	38.00	38.09	37.08	29.05
251	    33.98	35.77	36.40	34.75	37.98	38.32	37.04	29.07
252	    33.98	35.84	36.49	34.74	37.96	38.57	36.99	29.09
253	    33.97	35.94	36.61	34.72	37.96	38.83	36.95	29.11
254	    33.97	36.05	36.74	34.71	37.96	39.12	36.92	29.12
255	    33.97	36.17	36.90	34.70	37.97	39.41	36.88	29.14
256	    33.96	36.32	37.07	34.69	37.99	39.71	36.86	29.16
257	    33.96	36.46	37.23	34.69	38.02	40.02	36.83	29.18
258	    33.97	36.62	37.42	34.69	38.06	40.32	36.80	29.19
259	    33.97	36.79	37.62	34.68	38.11	40.64	36.79	29.21
260	    33.98	36.96	37.83	34.68	38.17	40.95	36.78	29.22
261	    33.98	37.15	38.05	34.69	38.23	41.26	36.77	29.24
262	    33.99	37.32	38.26	34.70	38.31	41.57	36.77	29.26
263	    34.01	37.51	38.48	34.71	38.38	41.87	36.78	29.28
264	    34.02	37.71	38.70	34.72	38.47	42.17	36.79	29.29
265	    34.04	37.90	38.93	34.74	38.55	42.46	36.80	29.31
266	    34.07	38.10	39.16	34.76	38.64	42.75	36.82	29.32
267	    34.09	38.30	39.39	34.78	38.75	43.04	36.84	29.34
268	    34.12	38.49	39.63	34.81	38.85	43.33	36.87	29.36
269	    34.15	38.70	39.85	34.84	38.96	43.60	36.90	29.37
270	    34.18	38.89	40.08	34.88	39.07	43.87	36.95	29.39
271	    34.21	39.09	40.32	34.91	39.18	44.14	36.99	29.40
272	    34.25	39.29	40.54	34.95	39.30	44.40	37.04	29.42
273	    34.29	39.49	40.77	34.99	39.42	44.66	37.09	29.43
274	    34.33	39.68	41.00	35.04	39.54	44.92	37.14	29.45
275	    34.37	39.88	41.22	35.09	39.66	45.16	37.20	29.47
276	    34.42	40.07	41.44	35.14	39.79	45.41	37.27	29.48
277	    34.47	40.26	41.65	35.19	39.92	45.64	37.33	29.50
278	    34.52	40.44	41.87	35.25	40.05	45.88	37.40	29.51
279	    34.58	40.64	42.09	35.30	40.18	46.11	37.48	29.52
280	    34.63	40.83	42.30	35.36	40.31	46.34	37.56	29.54
281	    34.69	41.01	42.51	35.42	40.44	46.56	37.63	29.55
282	    34.74	41.19	42.72	35.49	40.58	46.78	37.72	29.56
283	    34.81	41.37	42.93	35.55	40.71	46.99	37.81	29.58
284	    34.86	41.55	43.12	35.62	40.85	47.20	37.89	29.59
285	    34.93	41.73	43.32	35.69	40.98	47.40	37.98	29.61
286	    34.99	41.90	43.51	35.76	41.12	47.60	38.07	29.62
287	    35.05	42.07	43.71	35.83	41.26	47.80	38.17	29.63
288	    35.12	42.24	43.89	35.90	41.40	47.99	38.26	29.65
289	    35.19	42.41	44.08	35.98	41.54	48.19	38.36	29.66
290	    35.26	42.58	44.26	36.05	41.67	48.38	38.46	29.67
291	    35.33	42.74	44.44	36.12	41.81	48.56	38.56	29.69
292	    35.40	42.90	44.63	36.20	41.96	48.75	38.66	29.70
293	    35.47	43.07	44.80	36.27	42.09	48.92	38.77	29.71
294	    35.55	43.22	44.97	36.36	42.23	49.10	38.87	29.72
295	    35.62	43.38	45.15	36.44	42.37	49.28	38.98	29.73
296	    35.69	43.53	45.31	36.52	42.51	49.44	39.09	29.75
297	    35.77	43.69	45.48	36.59	42.64	49.61	39.19	29.76
298	    35.84	43.84	45.64	36.67	42.78	49.78	39.30	29.78
299	    35.92	43.99	45.81	36.76	42.92	49.95	39.42	29.78
300	    36.00	44.13	45.96	36.84	43.06	50.10	39.52	29.80
301	    36.07	44.27	46.12	36.92	43.20	50.26	39.64	29.82
302	    36.15	44.42	46.27	37.01	43.34	50.42	39.75	29.83
303	    36.23	44.57	46.42	37.09	43.48	50.57	39.86	29.84
304	    36.31	44.70	46.58	37.17	43.61	50.73	39.97	29.85
305	    36.38	44.84	46.73	37.26	43.75	50.88	40.09	29.87
306	    36.46	44.98	46.87	37.34	43.89	51.02	40.21	29.88
307	    36.55	45.11	47.02	37.42	44.02	51.17	40.31	29.90
308	    36.62	45.24	47.15	37.51	44.16	51.32	40.43	29.91
309	    36.70	45.38	47.29	37.60	44.29	51.46	40.54	29.92
310	    36.78	45.50	47.42	37.68	44.43	51.60	40.65	29.93
311	    36.86	45.63	47.56	37.77	44.56	51.74	40.76	29.95
312	    36.95	45.77	47.69	37.85	44.70	51.87	40.88	29.96
313	    37.03	45.88	47.82	37.94	44.83	52.01	40.99	29.98
314	    37.11	46.01	47.96	38.02	44.96	52.14	41.11	29.99
315	    37.18	46.13	48.08	38.11	45.09	52.28	41.22	30.00
316	    37.27	46.25	48.21	38.20	45.22	52.41	41.34	30.01
317	    37.35	46.37	48.33	38.28	45.36	52.54	41.45	30.03
318	    37.43	46.49	48.45	38.37	45.49	52.67	41.56	30.04
319	    37.51	46.61	48.57	38.45	45.62	52.80	41.68	30.05
320	    37.59	46.72	48.69	38.54	45.75	52.92	41.79	30.07
321	    37.67	46.83	48.81	38.63	45.88	53.04	41.90	30.09
322	    37.76	46.95	48.93	38.71	46.00	53.17	42.01	30.10
323	    37.83	47.05	49.04	38.80	46.13	53.29	42.13	30.11
324	    37.92	47.17	49.15	38.89	46.26	53.41	42.23	30.12
325	    38.00	47.28	49.26	38.97	46.39	53.53	42.35	30.14
326	    38.08	47.38	49.37	39.06	46.52	53.62	42.45	30.15
327	    38.16	47.48	49.46	39.14	46.64	53.69	42.57	30.17
328	    38.24	47.57	49.54	39.23	46.77	53.70	42.67	30.18
329	    38.33	47.63	49.60	39.31	46.88	53.68	42.77	30.20
330	    38.41	47.68	49.63	39.40	47.00	53.61	42.88	30.21
331	    38.49	47.72	49.64	39.48	47.12	53.51	42.98	30.23
332	    38.57	47.72	49.64	39.56	47.22	53.38	43.09	30.24
333	    38.66	47.72	49.60	39.65	47.32	53.22	43.19	30.26
334	    38.73	47.70	49.55	39.72	47.41	53.04	43.29	30.27
335	    38.81	47.66	49.48	39.81	47.49	52.86	43.38	30.29
336	    38.89	47.61	49.40	39.88	47.56	52.65	43.48	30.30
337	    38.96	47.54	49.30	39.96	47.63	52.44	43.57	30.31
338	    39.04	47.46	49.19	40.03	47.68	52.21	43.65	30.33
339	    39.11	47.38	49.06	40.10	47.73	51.99	43.73	30.34
340	    39.18	47.29	48.93	40.17	47.76	51.76	43.81	30.37
341	    39.25	47.18	48.80	40.24	47.79	51.54	43.88	30.38
342	    39.32	47.07	48.65	40.30	47.81	51.31	43.94	30.40
343	    39.38	46.97	48.50	40.36	47.82	51.09	44.00	30.41
344	    39.44	46.85	48.34	40.42	47.83	50.86	44.06	30.43
345	    39.50	46.73	48.18	40.47	47.83	50.64	44.11	30.45
346	    39.55	46.61	48.01	40.52	47.83	50.43	44.16	30.46
347	    39.61	46.48	47.85	40.56	47.82	50.21	44.19	30.48
348	    39.66	46.35	47.68	40.61	47.80	50.00	44.23	30.50
349	    39.70	46.23	47.52	40.65	47.78	49.79	44.26	30.51
350	    39.75	46.10	47.34	40.69	47.75	49.59	44.28	30.53
351	    39.79	45.97	47.18	40.71	47.73	49.39	44.30	30.54
352	    39.82	45.84	47.01	40.74	47.69	49.19	44.32	30.56
353	    39.86	45.71	46.85	40.77	47.66	49.00	44.33	30.58
354	    39.89	45.58	46.68	40.80	47.62	48.81	44.33	30.60
355	    39.92	45.46	46.52	40.82	47.58	48.63	44.33	30.61
356	    39.95	45.33	46.35	40.84	47.54	48.46	44.33	30.63
357	    39.98	45.21	46.20	40.85	47.49	48.28	44.32	30.66
358	    40.00	45.08	46.04	40.87	47.44	48.11	44.31	30.67
359	    40.02	44.96	45.89	40.88	47.40	47.94	44.30	30.69
360	    40.05	44.84	45.73	40.89	47.34	47.78	44.28	30.71
361	    40.06	44.72	45.57	40.89	47.29	47.62	44.27	30.72
362	    40.08	44.60	45.42	40.90	47.23	47.46	44.24	30.75
363	    40.09	44.48	45.28	40.90	47.17	47.31	44.22	30.77
364	    40.10	44.36	45.13	40.90	47.11	47.16	44.19	30.79
365	    40.12	44.25	44.99	40.90	47.06	47.01	44.16	30.80
366	    40.13	44.14	44.85	40.90	47.00	46.88	44.12	30.82
367	    40.13	44.03	44.70	40.90	46.94	46.73	44.09	30.85
368	    40.13	43.92	44.57	40.88	46.88	46.60	44.05	30.86
369	    40.14	43.81	44.44	40.88	46.82	46.46	44.01	30.88
370	    40.15	43.70	44.30	40.87	46.75	46.34	43.97	30.90
371	    40.15	43.60	44.17	40.86	46.68	46.21	43.92	30.92
372	    40.15	43.50	44.05	40.85	46.62	46.09	43.88	30.94
373	    40.15	43.40	43.92	40.84	46.56	45.96	43.83	30.96
374	    40.15	43.30	43.80	40.82	46.49	45.84	43.78	30.98
375	    40.15	43.21	43.68	40.81	46.42	45.73	43.72	31.00
376	    40.15	43.11	43.56	40.79	46.35	45.61	43.68	31.02
377	    40.14	43.01	43.45	40.77	46.29	45.50	43.63	31.04
378	    40.14	42.92	43.34	40.76	46.22	45.39	43.57	31.06
379	    40.13	42.83	43.22	40.74	46.15	45.28	43.52	31.08
380	    40.12	42.74	43.12	40.72	46.08	45.17	43.46	31.10
381	    40.12	42.66	43.01	40.70	46.02	45.07	43.41	31.11
382	    40.11	42.57	42.91	40.68	45.95	44.97	43.35	31.14
383	    40.10	42.48	42.80	40.66	45.88	44.87	43.29	31.16
384	    40.09	42.40	42.70	40.64	45.81	44.77	43.23	31.18
385	    40.08	42.32	42.60	40.62	45.74	44.67	43.17	31.20
386	    40.07	42.24	42.50	40.60	45.68	44.58	43.11	31.22
387	    40.06	42.16	42.41	40.57	45.61	44.48	43.05	31.24
388	    40.05	42.08	42.31	40.55	45.54	44.40	42.99	31.25
389	    40.04	42.00	42.23	40.53	45.47	44.30	42.93	31.27
390	    40.02	41.93	42.14	40.50	45.40	44.22	42.86	31.29
391	    40.01	41.86	42.05	40.47	45.33	44.13	42.80	31.32
392	    40.00	41.79	41.96	40.45	45.26	44.05	42.74	31.33
393	    39.99	41.72	41.88	40.43	45.20	43.96	42.68	31.35
394	    39.97	41.65	41.80	40.40	45.13	43.88	42.62	31.37
395	    39.96	41.58	41.71	40.38	45.06	43.80	42.56	31.39
396	    39.95	41.51	41.64	40.35	45.00	43.72	42.49	31.41
397	    39.93	41.45	41.56	40.33	44.93	43.64	42.43	31.43
398	    39.92	41.39	41.48	40.30	44.86	43.56	42.37	31.45
399	    39.91	41.32	41.41	40.27	44.80	43.48	42.30	31.47
400	    39.89	41.26	41.33	40.25	44.73	43.41	42.24	31.49
401	    39.88	41.20	41.26	40.22	44.67	43.34	42.18	31.51
402	    39.86	41.14	41.19	40.20	44.60	43.27	42.11	31.53
403	    39.84	41.08	41.12	40.17	44.53	43.19	42.05	31.55
404	    39.83	41.02	41.05	40.14	44.46	43.12	41.99	31.56
405	    39.81	40.97	40.99	40.12	44.40	43.06	41.93	31.58
406	    39.80	40.91	40.92	40.09	44.33	43.00	41.87	31.60
407	    39.78	40.87	40.87	40.06	44.27	42.97	41.80	31.63
408	    39.76	40.83	40.82	40.03	44.21	42.99	41.75	31.64
409	    39.75	40.80	40.79	40.01	44.15	43.05	41.68	31.66
410	    39.73	40.80	40.80	39.98	44.09	43.15	41.62	31.67
411	    39.71	40.81	40.82	39.95	44.03	43.31	41.56	31.69
412	    39.69	40.85	40.86	39.92	43.98	43.49	41.50	31.71
413	    39.68	40.90	40.93	39.90	43.94	43.70	41.44	31.72
414	    39.66	40.97	41.03	39.87	43.91	43.95	41.39	31.74
415	    39.65	41.07	41.14	39.84	43.88	44.20	41.34	31.75
416	    39.63	41.18	41.27	39.82	43.87	44.47	41.29	31.78
417	    39.62	41.30	41.42	39.80	43.87	44.75	41.25	31.79
418	    39.61	41.43	41.58	39.79	43.87	45.05	41.20	31.81
419	    39.60	41.57	41.75	39.77	43.88	45.34	41.17	31.83
420	    39.59	41.72	41.93	39.75	43.91	45.63	41.13	31.84
421	    39.59	41.88	42.12	39.74	43.94	45.93	41.10	31.86
422	    39.58	42.05	42.32	39.72	43.98	46.22	41.09	31.88
423	    39.58	42.22	42.53	39.72	44.03	46.52	41.06	31.89
424	    39.58	42.40	42.73	39.72	44.08	46.80	41.05	31.90
425	    39.59	42.58	42.95	39.72	44.14	47.09	41.05	31.92
426	    39.60	42.77	43.18	39.72	44.21	47.37	41.04	31.94
427	    39.60	42.95	43.39	39.73	44.28	47.66	41.05	31.95
428	    39.62	43.14	43.61	39.74	44.35	47.93	41.06	31.97
429	    39.63	43.33	43.83	39.75	44.44	48.20	41.08	31.98
430	    39.64	43.52	44.05	39.77	44.53	48.47	41.09	32.00
431	    39.67	43.71	44.28	39.79	44.61	48.73	41.12	32.01
432	    39.69	43.90	44.50	39.82	44.71	48.99	41.15	32.03
433	    39.72	44.09	44.72	39.85	44.80	49.24	41.18	32.04
434	    39.74	44.27	44.94	39.87	44.91	49.48	41.22	32.05
435	    39.78	44.46	45.15	39.91	45.01	49.73	41.26	32.07
436	    39.81	44.65	45.38	39.94	45.12	49.96	41.31	32.08
437	    39.84	44.83	45.59	39.98	45.22	50.19	41.35	32.10
438	    39.88	45.02	45.80	40.02	45.33	50.42	41.41	32.11
439	    39.92	45.20	46.00	40.05	45.44	50.64	41.46	32.12
440	    39.96	45.39	46.21	40.10	45.55	50.86	41.52	32.14
441	    40.01	45.56	46.42	40.15	45.67	51.08	41.59	32.15
442	    40.05	45.74	46.62	40.21	45.79	51.29	41.65	32.17
443	    40.10	45.92	46.82	40.25	45.90	51.50	41.73	32.18
444	    40.15	46.09	47.02	40.30	46.02	51.71	41.80	32.19
445	    40.20	46.26	47.21	40.36	46.14	51.89	41.88	32.20
446	    40.25	46.43	47.40	40.41	46.26	52.09	41.95	32.21
447	    40.30	46.60	47.59	40.47	46.38	52.29	42.03	32.23
448	    40.36	46.76	47.78	40.53	46.50	52.47	42.11	32.24
449	    40.41	46.93	47.96	40.60	46.62	52.66	42.20	32.25
450	    40.47	47.09	48.14	40.65	46.74	52.84	42.28	32.27
451	    40.53	47.25	48.32	40.72	46.86	53.02	42.38	32.27
452	    40.59	47.41	48.50	40.78	46.98	53.19	42.47	32.29
453	    40.65	47.56	48.67	40.85	47.11	53.36	42.56	32.30
454	    40.71	47.72	48.84	40.91	47.23	53.53	42.65	32.31
455	    40.78	47.87	49.01	40.98	47.36	53.69	42.75	32.33
456	    40.84	48.02	49.17	41.05	47.48	53.86	42.84	32.33
457	    40.91	48.17	49.34	41.12	47.60	54.02	42.94	32.35
458	    40.97	48.31	49.50	41.19	47.72	54.18	43.04	32.36
459	    41.04	48.46	49.66	41.26	47.85	54.33	43.14	32.37
460	    41.10	48.60	49.81	41.33	47.97	54.49	43.24	32.38
461	    41.18	48.74	49.96	41.41	48.10	54.63	43.34	32.40
462	    41.24	48.88	50.11	41.47	48.23	54.79	43.44	32.41
463	    41.31	49.02	50.26	41.55	48.34	54.93	43.54	32.42
464	    41.37	49.15	50.41	41.62	48.47	55.08	43.64	32.43
465	    41.44	49.28	50.55	41.70	48.59	55.22	43.75	32.44
466	    41.51	49.41	50.69	41.77	48.71	55.36	43.85	32.45
467	    41.59	49.55	50.84	41.84	48.84	55.50	43.96	32.46
468	    41.66	49.67	50.97	41.92	48.96	55.64	44.06	32.48
469	    41.72	49.80	51.10	41.99	49.08	55.77	44.17	32.49
470	    41.80	49.93	51.24	42.07	49.20	55.90	44.27	32.50
471	    41.87	50.05	51.37	42.14	49.32	56.04	44.37	32.51
472	    41.94	50.17	51.50	42.22	49.44	56.16	44.48	32.52
473	    42.01	50.29	51.63	42.29	49.56	56.29	44.59	32.54
474	    42.08	50.41	51.75	42.37	49.69	56.43	44.69	32.55
475	    42.15	50.53	51.88	42.45	49.80	56.55	44.79	32.56
476	    42.23	50.65	52.00	42.52	49.92	56.67	44.90	32.57
477	    42.29	50.76	52.11	42.60	50.04	56.80	45.01	32.58
478	    42.37	50.88	52.24	42.68	50.16	56.91	45.11	32.59
479	    42.44	50.99	52.35	42.75	50.28	57.03	45.21	32.60
480	    42.52	51.10	52.47	42.83	50.40	57.15	45.32	32.62
481	    42.59	51.21	52.58	42.91	50.51	57.27	45.42	32.63
482	    42.66	51.32	52.69	42.98	50.63	57.38	45.53	32.64
483	    42.74	51.42	52.80	43.07	50.75	57.50	45.63	32.66
484	    42.81	51.53	52.91	43.14	50.86	57.61	45.73	32.67
485	    42.88	51.64	53.01	43.22	50.98	57.72	45.84	32.68
486	    42.96	51.74	53.12	43.29	51.09	57.83	45.93	32.69
487	    43.03	51.84	53.22	43.36	51.20	57.92	46.04	32.71
488	    43.10	51.93	53.31	43.44	51.32	57.97	46.14	32.72
489	    43.18	52.01	53.39	43.52	51.44	57.98	46.24	32.73
490	    43.25	52.07	53.44	43.59	51.54	57.95	46.34	32.74
491	    43.32	52.12	53.47	43.67	51.65	57.88	46.44	32.76
492	    43.40	52.14	53.48	43.75	51.75	57.77	46.54	32.77
493	    43.47	52.15	53.46	43.82	51.84	57.63	46.64	32.78
494	    43.54	52.14	53.43	43.89	51.93	57.47	46.72	32.79
495	    43.61	52.11	53.37	43.96	52.01	57.28	46.82	32.81
496	    43.68	52.07	53.30	44.03	52.08	57.09	46.91	32.82
497	    43.75	52.01	53.21	44.10	52.14	56.88	46.99	32.83
498	    43.82	51.94	53.11	44.17	52.20	56.65	47.08	32.85
499	    43.89	51.86	52.99	44.24	52.24	56.43	47.16	32.86
500	    43.95	51.77	52.86	44.30	52.27	56.20	47.23	32.87
501	    44.01	51.67	52.73	44.37	52.30	55.97	47.30	32.89
502	    44.07	51.56	52.59	44.42	52.32	55.74	47.37	32.91
503	    44.14	51.46	52.44	44.47	52.33	55.50	47.43	32.92
504	    44.19	51.34	52.28	44.53	52.33	55.27	47.48	32.93
505	    44.24	51.21	52.12	44.58	52.33	55.04	47.53	32.95
506	    44.29	51.09	51.96	44.62	52.32	54.81	47.57	32.97
507	    44.34	50.96	51.79	44.66	52.31	54.58	47.61	32.98
508	    44.38	50.83	51.62	44.70	52.28	54.37	47.65	32.99
509	    44.42	50.70	51.45	44.74	52.26	54.14	47.68	33.01
510	    44.47	50.57	51.28	44.77	52.23	53.94	47.70	33.02
511	    44.50	50.43	51.11	44.80	52.20	53.72	47.71	33.04
512	    44.54	50.30	50.94	44.82	52.16	53.52	47.73	33.06
513	    44.57	50.17	50.77	44.84	52.12	53.32	47.74	33.06
514	    44.60	50.03	50.60	44.87	52.08	53.12	47.74	33.08
515	    44.62	49.90	50.43	44.88	52.02	52.92	47.74	33.10
516	    44.65	49.77	50.26	44.90	51.98	52.74	47.74	33.12
517	    44.67	49.64	50.10	44.90	51.93	52.55	47.73	33.14
518	    44.69	49.51	49.94	44.91	51.86	52.37	47.72	33.15
519	    44.70	49.38	49.77	44.92	51.81	52.19	47.70	33.17
520	    44.71	49.25	49.61	44.92	51.75	52.02	47.68	33.18
521	    44.73	49.13	49.45	44.92	51.70	51.85	47.67	33.20
522	    44.74	49.00	49.30	44.92	51.63	51.69	47.64	33.21
523	    44.75	48.88	49.14	44.92	51.57	51.52	47.61	33.23
524	    44.75	48.76	48.99	44.91	51.50	51.37	47.58	33.25
525	    44.76	48.64	48.84	44.90	51.43	51.21	47.55	33.27
526	    44.76	48.51	48.69	44.90	51.37	51.05	47.51	33.28
527	    44.76	48.40	48.55	44.89	51.30	50.91	47.47	33.30
528	    44.76	48.29	48.41	44.88	51.23	50.76	47.43	33.32
529	    44.76	48.17	48.27	44.87	51.16	50.62	47.39	33.34
530	    44.76	48.06	48.13	44.85	51.09	50.48	47.34	33.36
531	    44.77	47.95	48.00	44.84	51.02	50.35	47.29	33.37
532	    44.76	47.84	47.87	44.82	50.95	50.21	47.25	33.39
533	    44.75	47.74	47.73	44.80	50.87	50.08	47.20	33.41
534	    44.74	47.63	47.61	44.78	50.80	49.96	47.15	33.43
535	    44.73	47.53	47.48	44.76	50.72	49.83	47.09	33.44
536	    44.72	47.42	47.36	44.74	50.65	49.71	47.04	33.46
537	    44.71	47.33	47.24	44.72	50.57	49.58	46.98	33.48
538	    44.70	47.22	47.11	44.70	50.50	49.47	46.93	33.50
539	    44.70	47.13	47.00	44.67	50.42	49.35	46.87	33.52
540	    44.68	47.04	46.88	44.65	50.35	49.24	46.81	33.53
541	    44.67	46.94	46.77	44.63	50.27	49.13	46.75	33.55
542	    44.65	46.85	46.66	44.60	50.20	49.02	46.68	33.57
543	    44.64	46.76	46.55	44.57	50.12	48.91	46.62	33.59
544	    44.63	46.66	46.44	44.55	50.05	48.80	46.57	33.61
545	    44.61	46.58	46.34	44.52	49.97	48.69	46.49	33.63
546	    44.59	46.50	46.24	44.49	49.89	48.60	46.44	33.65
547	    44.58	46.41	46.14	44.46	49.82	48.50	46.37	33.66
548	    44.56	46.33	46.04	44.43	49.74	48.39	46.31	33.68
549	    44.54	46.25	45.94	44.40	49.67	48.30	46.24	33.70
550	    44.53	46.17	45.84	44.38	49.60	48.21	46.17	33.72
551	    44.50	46.09	45.76	44.35	49.52	48.11	46.11	33.73
552	    44.49	46.01	45.66	44.32	49.44	48.01	46.04	33.75
553	    44.47	45.93	45.57	44.29	49.36	47.93	45.97	33.77
554	    44.45	45.86	45.48	44.26	49.29	47.84	45.91	33.79
555	    44.43	45.79	45.40	44.22	49.22	47.74	45.84	33.81
556	    44.41	45.72	45.31	44.19	49.15	47.66	45.78	33.82
557	    44.39	45.65	45.23	44.16	49.07	47.58	45.71	33.84
558	    44.37	45.57	45.14	44.13	48.99	47.49	45.64	33.86
559	    44.35	45.50	45.07	44.10	48.92	47.41	45.57	33.87
560	    44.33	45.44	44.99	44.07	48.84	47.33	45.50	33.90
561	    44.31	45.37	44.91	44.03	48.77	47.25	45.44	33.92
562	    44.28	45.31	44.83	44.00	48.70	47.17	45.37	33.93
563	    44.26	45.24	44.76	43.97	48.63	47.09	45.30	33.95
564	    44.24	45.18	44.69	43.94	48.55	47.01	45.24	33.97
565	    44.22	45.12	44.61	43.90	48.48	46.94	45.17	33.98
566	    44.20	45.06	44.55	43.87	48.41	46.86	45.11	34.00
567	    44.18	45.00	44.48	43.83	48.34	46.81	45.05	34.02
568	    44.16	44.95	44.42	43.80	48.27	46.78	44.98	34.03
569	    44.13	44.91	44.38	43.78	48.20	46.80	44.91	34.05
570	    44.11	44.88	44.35	43.74	48.13	46.86	44.85	34.07
571	    44.09	44.88	44.35	43.71	48.07	46.97	44.78	34.08
572	    44.06	44.89	44.38	43.67	48.00	47.13	44.72	34.09
573	    44.04	44.92	44.42	43.64	47.95	47.30	44.66	34.11
574	    44.02	44.98	44.49	43.61	47.90	47.52	44.60	34.13
575	    44.00	45.05	44.58	43.58	47.87	47.76	44.54	34.14
576	    43.98	45.13	44.69	43.55	47.83	48.00	44.49	34.16
577	    43.95	45.24	44.82	43.52	47.82	48.27	44.43	34.17
578	    43.93	45.36	44.97	43.49	47.80	48.55	44.38	34.19
579	    43.92	45.49	45.12	43.47	47.81	48.83	44.34	34.20
580	    43.90	45.63	45.29	43.45	47.82	49.11	44.30	34.21
581	    43.89	45.78	45.47	43.43	47.83	49.40	44.27	34.23
582	    43.88	45.94	45.66	43.41	47.86	49.69	44.24	34.25
583	    43.87	46.10	45.85	43.40	47.89	49.97	44.21	34.26
584	    43.86	46.26	46.05	43.39	47.94	50.26	44.19	34.27
585	    43.85	46.43	46.26	43.38	47.99	50.54	44.18	34.29
586	    43.85	46.61	46.47	43.38	48.04	50.82	44.17	34.31
587	    43.85	46.79	46.68	43.38	48.10	51.09	44.16	34.32
588	    43.86	46.97	46.90	43.38	48.17	51.37	44.17	34.34
589	    43.86	47.15	47.11	43.38	48.24	51.64	44.17	34.35
590	    43.87	47.33	47.33	43.39	48.31	51.90	44.18	34.36
591	    43.89	47.52	47.55	43.41	48.39	52.15	44.20	34.38
592	    43.90	47.70	47.76	43.43	48.48	52.41	44.22	34.39
593	    43.92	47.89	47.98	43.44	48.56	52.66	44.24	34.40
594	    43.94	48.07	48.19	43.46	48.66	52.89	44.27	34.41
595	    43.96	48.25	48.40	43.49	48.75	53.13	44.31	34.43
596	    43.99	48.43	48.61	43.51	48.84	53.37	44.35	34.44
597	    44.02	48.61	48.83	43.54	48.94	53.59	44.39	34.45
598	    44.05	48.79	49.03	43.58	49.04	53.82	44.43	34.46
599	    44.08	48.97	49.24	43.61	49.15	54.03	44.49	34.48
600	    44.11	49.14	49.44	43.65	49.25	54.25	44.54	34.49
601	    44.15	49.32	49.64	43.69	49.35	54.46	44.60	34.50
602	    44.19	49.49	49.84	43.74	49.46	54.67	44.66	34.51
603	    44.23	49.67	50.04	43.78	49.57	54.88	44.72	34.52
604	    44.27	49.83	50.23	43.82	49.68	55.07	44.79	34.53
605	    44.32	50.00	50.41	43.87	49.79	55.27	44.86	34.55
606	    44.36	50.16	50.60	43.92	49.90	55.46	44.93	34.56
607	    44.41	50.33	50.79	43.98	50.01	55.64	45.01	34.57
608	    44.46	50.49	50.97	44.02	50.12	55.83	45.08	34.58
609	    44.51	50.65	51.15	44.08	50.24	56.01	45.16	34.59
610	    44.56	50.81	51.33	44.14	50.35	56.19	45.24	34.60
611	    44.61	50.96	51.50	44.19	50.47	56.36	45.32	34.61
612	    44.66	51.12	51.68	44.25	50.59	56.53	45.41	34.63
613	    44.71	51.27	51.85	44.31	50.71	56.70	45.49	34.63
614	    44.77	51.42	52.01	44.37	50.82	56.87	45.58	34.64
615	    44.83	51.57	52.18	44.43	50.94	57.04	45.67	34.66
616	    44.88	51.72	52.34	44.50	51.05	57.19	45.76	34.67
617	    44.95	51.85	52.50	44.56	51.17	57.35	45.85	34.68
618	    45.00	52.00	52.66	44.62	51.29	57.51	45.94	34.68
619	    45.06	52.14	52.81	44.69	51.40	57.66	46.04	34.70
620	    45.12	52.28	52.96	44.75	51.52	57.81	46.13	34.71
621	    45.18	52.42	53.11	44.82	51.64	57.95	46.23	34.72
622	    45.24	52.55	53.26	44.89	51.75	58.10	46.33	34.73
623	    45.31	52.68	53.41	44.96	51.87	58.25	46.43	34.74
624	    45.37	52.82	53.55	45.02	51.99	58.38	46.52	34.75
625	    45.43	52.95	53.69	45.09	52.10	58.52	46.62	34.76
626	    45.50	53.08	53.83	45.16	52.22	58.65	46.72	34.77
627	    45.56	53.20	53.96	45.22	52.33	58.79	46.82	34.78
628	    45.63	53.33	54.10	45.29	52.45	58.93	46.92	34.79
629	    45.69	53.45	54.23	45.36	52.57	59.06	47.02	34.80
630	    45.76	53.57	54.36	45.43	52.68	59.19	47.12	34.81
631	    45.82	53.69	54.48	45.50	52.79	59.31	47.22	34.83
632	    45.89	53.81	54.61	45.58	52.91	59.44	47.32	34.83
633	    45.96	53.93	54.74	45.64	53.03	59.56	47.42	34.84
634	    46.02	54.04	54.85	45.71	53.14	59.68	47.52	34.85
635	    46.09	54.16	54.98	45.79	53.26	59.80	47.62	34.86
636	    46.15	54.27	55.09	45.85	53.37	59.92	47.72	34.88
637	    46.22	54.38	55.21	45.93	53.48	60.04	47.82	34.89
638	    46.29	54.49	55.33	45.99	53.59	60.16	47.92	34.90
639	    46.36	54.60	55.44	46.06	53.70	60.27	48.02	34.90
640	    46.42	54.71	55.55	46.13	53.82	60.39	48.12	34.91
641	    46.49	54.81	55.66	46.21	53.92	60.50	48.22	34.92
642	    46.56	54.92	55.76	46.28	54.04	60.61	48.32	34.93
643	    46.63	55.02	55.88	46.35	54.14	60.72	48.42	34.94
644	    46.69	55.12	55.98	46.43	54.26	60.83	48.52	34.95
645	    46.76	55.23	56.09	46.50	54.37	60.94	48.62	34.97
646	    46.83	55.33	56.19	46.57	54.48	61.06	48.72	34.98
647	    46.90	55.43	56.29	46.64	54.59	61.16	48.82	34.99
648	    46.96	55.52	56.38	46.71	54.69	61.25	48.92	35.00
649	    47.04	55.61	56.48	46.78	54.80	61.30	49.02	35.02
650	    47.10	55.69	56.55	46.85	54.91	61.32	49.12	35.03
651	    47.17	55.75	56.60	46.92	55.01	61.29	49.21	35.04
652	    47.24	55.80	56.63	46.99	55.11	61.23	49.30	35.05
653	    47.31	55.82	56.64	47.06	55.21	61.12	49.39	35.06
654	    47.38	55.83	56.63	47.13	55.30	60.99	49.49	35.07
655	    47.44	55.82	56.60	47.21	55.39	60.83	49.59	35.08
656	    47.51	55.79	56.55	47.27	55.46	60.64	49.67	35.09
657	    47.57	55.75	56.47	47.34	55.53	60.44	49.76	35.11
658	    47.64	55.69	56.38	47.40	55.59	60.24	49.85	35.12
659	    47.70	55.62	56.28	47.47	55.64	60.01	49.93	35.13
660	    47.76	55.54	56.16	47.52	55.67	59.79	50.00	35.14
661	    47.82	55.45	56.03	47.58	55.71	59.55	50.07	35.16
662	    47.88	55.34	55.89	47.64	55.73	59.32	50.14	35.17
663	    47.94	55.23	55.75	47.69	55.74	59.08	50.20	35.19
664	    47.99	55.12	55.60	47.74	55.75	58.85	50.25	35.20
665	    48.04	55.00	55.44	47.79	55.75	58.61	50.31	35.21
666	    48.09	54.87	55.28	47.83	55.74	58.38	50.36	35.23
667	    48.14	54.75	55.12	47.88	55.73	58.15	50.40	35.24
668	    48.18	54.61	54.94	47.92	55.71	57.92	50.43	35.26
669	    48.22	54.48	54.78	47.95	55.69	57.69	50.47	35.27
670	    48.26	54.34	54.60	47.98	55.66	57.48	50.49	35.28
671	    48.29	54.21	54.43	48.01	55.63	57.26	50.52	35.30
672	    48.32	54.07	54.26	48.04	55.59	57.05	50.53	35.32
673	    48.35	53.94	54.09	48.06	55.55	56.83	50.54	35.32
674	    48.38	53.80	53.91	48.08	55.51	56.63	50.55	35.34
675	    48.40	53.66	53.75	48.10	55.46	56.43	50.56	35.36
676	    48.42	53.53	53.58	48.11	55.41	56.23	50.55	35.37
677	    48.45	53.39	53.41	48.12	55.36	56.04	50.55	35.38
678	    48.46	53.26	53.24	48.13	55.30	55.85	50.54	35.40
679	    48.48	53.13	53.07	48.14	55.24	55.67	50.53	35.42
680	    48.49	52.99	52.91	48.14	55.18	55.48	50.52	35.43
681	    48.50	52.86	52.75	48.14	55.12	55.31	50.50	35.45
682	    48.51	52.73	52.59	48.14	55.05	55.14	50.47	35.46
683	    48.51	52.60	52.43	48.14	54.99	54.97	50.44	35.48
684	    48.51	52.47	52.27	48.13	54.92	54.80	50.42	35.50
685	    48.52	52.35	52.12	48.12	54.85	54.64	50.38	35.51
686	    48.52	52.23	51.97	48.12	54.78	54.48	50.34	35.53
687	    48.52	52.10	51.82	48.10	54.71	54.33	50.31	35.54
688	    48.51	51.98	51.67	48.09	54.64	54.17	50.27	35.56
689	    48.51	51.86	51.53	48.08	54.57	54.03	50.22	35.58
690	    48.50	51.75	51.39	48.06	54.49	53.88	50.18	35.60
691	    48.50	51.63	51.24	48.04	54.42	53.74	50.13	35.61
692	    48.49	51.52	51.11	48.02	54.34	53.59	50.08	35.62
693	    48.48	51.40	50.97	48.00	54.26	53.46	50.03	35.64
694	    48.47	51.29	50.84	47.98	54.19	53.33	49.99	35.66
695	    48.46	51.19	50.71	47.96	54.11	53.19	49.93	35.68
696	    48.45	51.08	50.58	47.94	54.03	53.06	49.87	35.69
697	    48.44	50.97	50.45	47.91	53.95	52.93	49.82	35.71
698	    48.42	50.87	50.33	47.89	53.87	52.81	49.75	35.73
699	    48.41	50.77	50.20	47.86	53.80	52.70	49.70	35.74
700	    48.39	50.67	50.09	47.83	53.72	52.58	49.64	35.76
701	    48.38	50.57	49.97	47.80	53.64	52.46	49.58	35.78
702	    48.36	50.47	49.85	47.77	53.56	52.34	49.51	35.79
703	    48.34	50.38	49.74	47.74	53.48	52.23	49.45	35.81
704	    48.32	50.28	49.62	47.71	53.40	52.11	49.38	35.83
705	    48.30	50.19	49.51	47.68	53.32	52.01	49.32	35.85
706	    48.28	50.10	49.41	47.64	53.24	51.89	49.25	35.87
707	    48.26	50.01	49.30	47.62	53.17	51.79	49.19	35.88
708	    48.24	49.93	49.20	47.58	53.08	51.69	49.12	35.90
709	    48.22	49.84	49.10	47.55	53.00	51.59	49.06	35.92
710	    48.20	49.75	48.99	47.51	52.92	51.49	48.98	35.93
711	    48.18	49.66	48.90	47.48	52.85	51.39	48.92	35.95
712	    48.15	49.58	48.80	47.45	52.76	51.29	48.85	35.97
713	    48.13	49.50	48.71	47.42	52.69	51.19	48.78	35.99
714	    48.11	49.42	48.61	47.38	52.61	51.10	48.71	36.00
715	    48.09	49.34	48.52	47.35	52.53	51.01	48.64	36.02
716	    48.06	49.27	48.43	47.31	52.45	50.92	48.57	36.04
717	    48.04	49.19	48.34	47.27	52.37	50.83	48.51	36.06
718	    48.02	49.12	48.26	47.24	52.29	50.74	48.44	36.07
719	    47.99	49.04	48.18	47.20	52.22	50.65	48.37	36.09
720	    47.96	48.97	48.09	47.17	52.14	50.56	48.30	36.10
721	    47.94	48.90	48.01	47.13	52.06	50.48	48.23	36.12
722	    47.91	48.83	47.92	47.09	51.99	50.40	48.17	36.14
723	    47.89	48.76	47.85	47.06	51.91	50.31	48.10	36.16
724	    47.86	48.70	47.77	47.02	51.83	50.23	48.03	36.17
725	    47.83	48.63	47.69	46.99	51.76	50.15	47.96	36.19
726	    47.81	48.56	47.62	46.95	51.68	50.07	47.89	36.20
727	    47.79	48.50	47.55	46.92	51.61	50.00	47.82	36.22
728	    47.76	48.44	47.48	46.88	51.53	49.92	47.76	36.24
729	    47.73	48.37	47.41	46.84	51.45	49.87	47.69	36.25
730	    47.70	48.33	47.35	46.81	51.38	49.85	47.62	36.27
731	    47.68	48.29	47.31	46.77	51.31	49.87	47.56	36.28
732	    47.65	48.26	47.29	46.73	51.24	49.95	47.49	36.30
733	    47.63	48.26	47.29	46.69	51.17	50.06	47.43	36.31
734	    47.60	48.27	47.32	46.66	51.10	50.22	47.36	36.33
735	    47.57	48.31	47.37	46.62	51.05	50.41	47.30	36.34
736	    47.55	48.36	47.44	46.59	51.00	50.62	47.23	36.35
737	    47.52	48.44	47.54	46.55	50.96	50.85	47.17	36.37
738	    47.50	48.52	47.65	46.52	50.93	51.11	47.12	36.39
739	    47.47	48.63	47.78	46.49	50.91	51.37	47.07	36.40
740	    47.45	48.75	47.92	46.46	50.90	51.64	47.01	36.41
741	    47.43	48.87	48.08	46.43	50.90	51.92	46.97	36.42
742	    47.41	49.02	48.26	46.41	50.91	52.20	46.93	36.44
743	    47.39	49.16	48.43	46.39	50.92	52.49	46.89	36.45
744	    47.38	49.32	48.62	46.37	50.94	52.76	46.86	36.47
745	    47.36	49.48	48.81	46.35	50.97	53.05	46.83	36.47
746	    47.35	49.65	49.01	46.34	51.02	53.34	46.81	36.49
747	    47.35	49.81	49.23	46.33	51.06	53.61	46.80	36.50
748	    47.34	49.99	49.43	46.32	51.11	53.89	46.79	36.52
749	    47.34	50.17	49.64	46.32	51.17	54.15	46.78	36.53
750	    47.34	50.34	49.85	46.32	51.23	54.43	46.78	36.54
751	    47.35	50.52	50.07	46.33	51.30	54.69	46.79	36.56
752	    47.35	50.70	50.29	46.33	51.38	54.95	46.80	36.57
753	    47.36	50.88	50.50	46.34	51.45	55.20	46.82	36.57
754	    47.37	51.07	50.71	46.36	51.54	55.45	46.84	36.59
755	    47.39	51.25	50.93	46.38	51.62	55.70	46.86	36.60
756	    47.40	51.43	51.14	46.40	51.71	55.94	46.89	36.61
757	    47.43	51.61	51.35	46.42	51.80	56.17	46.93	36.62
758	    47.45	51.78	51.56	46.45	51.89	56.40	46.97	36.64
759	    47.47	51.97	51.77	46.47	51.98	56.63	47.01	36.64
760	    47.50	52.14	51.97	46.51	52.08	56.86	47.06	36.66
761	    47.53	52.32	52.18	46.54	52.19	57.07	47.10	36.66
762	    47.56	52.49	52.38	46.58	52.28	57.28	47.16	36.68
763	    47.60	52.66	52.58	46.62	52.39	57.49	47.21	36.69
764	    47.63	52.84	52.77	46.66	52.49	57.69	47.28	36.70
765	    47.67	53.00	52.97	46.70	52.60	57.90	47.34	36.71
766	    47.71	53.17	53.16	46.74	52.71	58.09	47.41	36.72
767	    47.75	53.34	53.35	46.79	52.82	58.29	47.47	36.73
768	    47.79	53.50	53.54	46.84	52.92	58.47	47.54	36.75
769	    47.83	53.66	53.72	46.89	53.03	58.66	47.62	36.75
770	    47.88	53.82	53.90	46.94	53.15	58.84	47.69	36.77
771	    47.93	53.98	54.08	46.99	53.26	59.02	47.77	36.77
772	    47.98	54.13	54.25	47.05	53.37	59.20	47.86	36.78
773	    48.02	54.29	54.43	47.10	53.48	59.37	47.94	36.80
774	    48.07	54.44	54.60	47.16	53.59	59.53	48.02	36.80
775	    48.13	54.59	54.77	47.22	53.71	59.70	48.10	36.81
776	    48.18	54.73	54.93	47.28	53.82	59.86	48.19	36.82
777	    48.23	54.88	55.09	47.34	53.94	60.02	48.28	36.83
778	    48.28	55.02	55.26	47.40	54.05	60.18	48.37	36.84
779	    48.34	55.16	55.41	47.46	54.16	60.34	48.46	36.85
780	    48.39	55.30	55.57	47.52	54.28	60.48	48.55	36.86
781	    48.45	55.44	55.72	47.58	54.39	60.64	48.64	36.87
782	    48.51	55.58	55.87	47.65	54.51	60.78	48.74	36.88
783	    48.56	55.71	56.02	47.71	54.62	60.93	48.83	36.88
784	    48.62	55.84	56.16	47.77	54.73	61.07	48.93	36.89
785	    48.68	55.98	56.31	47.84	54.85	61.21	49.02	36.90
786	    48.74	56.10	56.45	47.91	54.97	61.35	49.12	36.92
787	    48.81	56.23	56.58	47.97	55.07	61.48	49.22	36.92
788	    48.86	56.35	56.72	48.04	55.19	61.62	49.32	36.93
789	    48.93	56.48	56.85	48.11	55.30	61.75	49.41	36.94
790	    48.98	56.60	56.98	48.17	55.42	61.88	49.51	36.95
791	    49.05	56.72	57.12	48.25	55.53	62.00	49.61	36.96
792	    49.11	56.84	57.25	48.31	55.64	62.14	49.71	36.97
793	    49.17	56.96	57.37	48.38	55.75	62.26	49.81	36.98
794	    49.23	57.08	57.49	48.45	55.86	62.39	49.91	36.99
795	    49.30	57.19	57.61	48.51	55.98	62.50	50.01	36.99
796	    49.36	57.30	57.73	48.58	56.09	62.63	50.11	37.01
797	    49.42	57.42	57.85	48.65	56.20	62.74	50.21	37.02
798	    49.49	57.52	57.96	48.72	56.32	62.86	50.30	37.03
799	    49.56	57.63	58.08	48.79	56.42	62.98	50.40	37.04
800	    49.62	57.74	58.19	48.86	56.53	63.09	50.50	37.05
801	    49.68	57.84	58.30	48.93	56.64	63.20	50.60	37.05
802	    49.75	57.95	58.41	48.99	56.75	63.31	50.70	37.06
803	    49.81	58.05	58.52	49.06	56.86	63.42	50.81	37.08
804	    49.88	58.16	58.62	49.13	56.97	63.53	50.90	37.09
805	    49.94	58.26	58.73	49.20	57.08	63.64	51.00	37.09
806	    50.01	58.36	58.83	49.26	57.18	63.74	51.09	37.11
807	    50.07	58.45	58.93	49.34	57.29	63.85	51.20	37.12
808	    50.14	58.55	59.03	49.40	57.40	63.95	51.30	37.13
809	    50.20	58.65	59.13	49.47	57.51	64.05	51.40	37.14
810	    50.26	58.73	59.22	49.54	57.61	64.11	51.49	37.15
811	    50.33	58.81	59.29	49.61	57.72	64.14	51.58	37.16
812	    50.39	58.88	59.35	49.68	57.82	64.13	51.68	37.17
813	    50.46	58.93	59.39	49.74	57.92	64.07	51.77	37.18
814	    50.52	58.96	59.40	49.81	58.02	63.98	51.87	37.19
815	    50.58	58.97	59.39	49.88	58.11	63.85	51.96	37.20
816	    50.65	58.96	59.36	49.95	58.19	63.71	52.05	37.21
817	    50.71	58.94	59.32	50.02	58.27	63.52	52.14	37.22
818	    50.78	58.90	59.25	50.08	58.34	63.33	52.23	37.23
819	    50.84	58.84	59.16	50.15	58.39	63.12	52.31	37.25
820	    50.90	58.77	59.06	50.21	58.45	62.91	52.39	37.26
821	    50.96	58.69	58.94	50.27	58.48	62.67	52.46	37.27
822	    51.02	58.59	58.82	50.32	58.52	62.44	52.53	37.28
823	    51.07	58.50	58.68	50.38	58.53	62.20	52.60	37.29
824	    51.13	58.39	58.54	50.43	58.55	61.97	52.67	37.31
825	    51.17	58.27	58.38	50.48	58.56	61.73	52.72	37.32
826	    51.23	58.15	58.23	50.53	58.56	61.49	52.78	37.33
827	    51.27	58.02	58.06	50.57	58.55	61.26	52.82	37.34
828	    51.32	57.89	57.90	50.61	58.54	61.02	52.86	37.35
829	    51.36	57.76	57.73	50.65	58.52	60.79	52.90	37.37
830	    51.39	57.62	57.55	50.68	58.50	60.56	52.93	37.39
831	    51.43	57.48	57.38	50.71	58.47	60.33	52.96	37.39
832	    51.46	57.34	57.21	50.74	58.44	60.11	52.98	37.41
833	    51.49	57.21	57.03	50.76	58.40	59.89	53.00	37.43
834	    51.52	57.06	56.86	50.78	58.36	59.68	53.01	37.43
835	    51.54	56.93	56.68	50.80	58.31	59.47	53.02	37.45
836	    51.56	56.79	56.51	50.81	58.26	59.27	53.02	37.46
837	    51.58	56.64	56.33	50.82	58.21	59.06	53.02	37.48
838	    51.60	56.51	56.16	50.83	58.16	58.87	53.02	37.49
839	    51.61	56.37	55.98	50.84	58.09	58.67	53.01	37.51
840	    51.62	56.23	55.82	50.84	58.03	58.48	52.99	37.52
841	    51.63	56.09	55.64	50.84	57.97	58.30	52.97	37.54
842	    51.64	55.96	55.48	50.84	57.91	58.11	52.95	37.55
843	    51.65	55.82	55.32	50.83	57.84	57.94	52.93	37.56
844	    51.65	55.69	55.16	50.83	57.77	57.77	52.90	37.58
845	    51.65	55.56	55.00	50.82	57.70	57.60	52.88	37.60
846	    51.65	55.43	54.84	50.81	57.63	57.43	52.84	37.61
847	    51.65	55.30	54.68	50.80	57.56	57.27	52.81	37.62
848	    51.64	55.18	54.53	50.79	57.49	57.11	52.77	37.64
849	    51.64	55.05	54.38	50.77	57.41	56.95	52.72	37.66
850	    51.63	54.93	54.23	50.76	57.34	56.80	52.68	37.67
851	    51.62	54.81	54.08	50.73	57.27	56.65	52.63	37.69
852	    51.61	54.68	53.94	50.71	57.19	56.50	52.58	37.70
853	    51.60	54.57	53.80	50.69	57.10	56.35	52.53	37.72
854	    51.59	54.45	53.66	50.67	57.03	56.22	52.48	37.73
855	    51.58	54.34	53.53	50.64	56.95	56.08	52.43	37.75
856	    51.56	54.23	53.39	50.62	56.87	55.94	52.37	37.77
857	    51.55	54.11	53.26	50.59	56.79	55.80	52.31	37.78
858	    51.53	54.00	53.12	50.56	56.71	55.68	52.25	37.80
859	    51.52	53.90	52.99	50.53	56.62	55.55	52.20	37.82
860	    51.50	53.79	52.87	50.50	56.55	55.42	52.14	37.83
861	    51.47	53.68	52.74	50.48	56.47	55.30	52.08	37.85
862	    51.46	53.58	52.63	50.45	56.38	55.18	52.01	37.86
863	    51.44	53.48	52.51	50.41	56.30	55.06	51.95	37.88
864	    51.42	53.38	52.39	50.38	56.22	54.95	51.88	37.90
865	    51.39	53.28	52.27	50.35	56.14	54.83	51.82	37.91
866	    51.37	53.19	52.16	50.32	56.06	54.71	51.75	37.94
867	    51.35	53.09	52.04	50.28	55.97	54.60	51.69	37.95
868	    51.33	53.00	51.94	50.25	55.89	54.50	51.62	37.96
869	    51.30	52.90	51.83	50.21	55.81	54.39	51.55	37.99
870	    51.28	52.81	51.73	50.18	55.73	54.28	51.48	37.99
871	    51.25	52.73	51.62	50.14	55.64	54.18	51.41	38.01
872	    51.22	52.64	51.52	50.11	55.56	54.08	51.34	38.03
873	    51.20	52.55	51.42	50.07	55.48	53.97	51.27	38.05
874	    51.17	52.47	51.32	50.03	55.40	53.87	51.20	38.06
875	    51.14	52.39	51.22	49.99	55.32	53.78	51.13	38.08
876	    51.12	52.30	51.13	49.96	55.24	53.68	51.06	38.09
877	    51.09	52.22	51.04	49.92	55.16	53.59	50.99	38.11
878	    51.07	52.14	50.95	49.88	55.07	53.50	50.92	38.13
879	    51.04	52.06	50.86	49.84	54.99	53.40	50.85	38.14
880	    51.01	51.99	50.77	49.80	54.92	53.31	50.78	38.16
881	    50.98	51.91	50.68	49.77	54.83	53.22	50.70	38.17
882	    50.96	51.84	50.60	49.73	54.75	53.13	50.64	38.19
883	    50.93	51.76	50.52	49.69	54.67	53.05	50.56	38.20
884	    50.90	51.69	50.44	49.65	54.59	52.96	50.49	38.22
885	    50.87	51.62	50.35	49.62	54.51	52.88	50.42	38.24
886	    50.84	51.55	50.27	49.58	54.44	52.79	50.35	38.25
887	    50.81	51.48	50.20	49.54	54.36	52.71	50.28	38.27
888	    50.78	51.42	50.12	49.49	54.28	52.63	50.21	38.28
889	    50.75	51.35	50.05	49.46	54.20	52.56	50.14	38.30
890	    50.72	51.29	49.98	49.42	54.12	52.49	50.07	38.31
891	    50.69	51.23	49.91	49.38	54.05	52.46	50.01	38.32
892	    50.66	51.18	49.87	49.34	53.97	52.48	49.94	38.34
893	    50.63	51.15	49.84	49.31	53.90	52.54	49.87	38.35
894	    50.60	51.14	49.84	49.27	53.83	52.65	49.80	38.37
895	    50.57	51.15	49.86	49.23	53.76	52.79	49.73	38.39
896	    50.54	51.18	49.91	49.19	53.70	52.98	49.66	38.40
897	    50.51	51.23	49.97	49.15	53.65	53.18	49.61	38.41
898	    50.48	51.30	50.06	49.11	53.61	53.42	49.54	38.43
899	    50.45	51.38	50.17	49.08	53.58	53.66	49.48	38.44
900	    50.43	51.48	50.29	49.05	53.55	53.91	49.43	38.46
901	    50.40	51.59	50.42	49.01	53.53	54.19	49.38	38.47
902	    50.37	51.72	50.59	48.98	53.53	54.45	49.33	38.48
903	    50.35	51.85	50.75	48.95	53.53	54.74	49.29	38.50
904	    50.33	51.99	50.93	48.93	53.54	55.03	49.25	38.51
905	    50.32	52.14	51.12	48.91	53.56	55.30	49.22	38.52
906	    50.30	52.30	51.30	48.89	53.59	55.59	49.19	38.54
907	    50.28	52.46	51.50	48.87	53.63	55.86	49.16	38.55
908	    50.27	52.63	51.71	48.86	53.67	56.14	49.14	38.56
909	    50.26	52.80	51.91	48.85	53.72	56.42	49.13	38.57
910	    50.26	52.98	52.12	48.85	53.77	56.68	49.13	38.58
911	    50.26	53.15	52.32	48.84	53.84	56.96	49.12	38.60
912	    50.26	53.33	52.54	48.84	53.90	57.21	49.13	38.61
913	    50.26	53.50	52.75	48.85	53.97	57.48	49.14	38.62
914	    50.27	53.68	52.96	48.86	54.05	57.73	49.15	38.63
915	    50.27	53.86	53.17	48.86	54.13	57.97	49.16	38.64
916	    50.28	54.04	53.38	48.88	54.21	58.22	49.19	38.66
917	    50.30	54.22	53.59	48.90	54.29	58.45	49.22	38.66
918	    50.31	54.40	53.80	48.92	54.39	58.68	49.25	38.68
919	    50.33	54.57	54.01	48.94	54.47	58.92	49.28	38.69
920	    50.36	54.75	54.22	48.96	54.56	59.14	49.32	38.70
921	    50.38	54.92	54.42	48.99	54.66	59.37	49.37	38.71
922	    50.41	55.09	54.62	49.02	54.75	59.58	49.41	38.72
923	    50.43	55.27	54.82	49.06	54.86	59.79	49.47	38.73
924	    50.46	55.44	55.01	49.09	54.96	60.00	49.52	38.74
925	    50.49	55.61	55.21	49.13	55.06	60.20	49.58	38.75
926	    50.53	55.77	55.40	49.17	55.16	60.40	49.64	38.76
927	    50.56	55.93	55.59	49.21	55.27	60.59	49.71	38.77
928	    50.60	56.09	55.78	49.25	55.38	60.79	49.77	38.78
929	    50.64	56.26	55.96	49.30	55.48	60.97	49.84	38.79
930	    50.68	56.42	56.14	49.34	55.59	61.16	49.92	38.80
931	    50.72	56.57	56.32	49.39	55.69	61.33	49.99	38.81
932	    50.77	56.73	56.49	49.44	55.80	61.51	50.06	38.82
933	    50.81	56.88	56.67	49.49	55.91	61.68	50.14	38.83
934	    50.86	57.03	56.84	49.54	56.02	61.85	50.22	38.83
935	    50.91	57.18	57.00	49.60	56.13	62.02	50.30	38.84
936	    50.95	57.33	57.17	49.65	56.25	62.18	50.38	38.85
937	    51.00	57.47	57.33	49.70	56.36	62.35	50.47	38.86
938	    51.05	57.61	57.49	49.77	56.47	62.51	50.55	38.87
939	    51.10	57.76	57.65	49.82	56.58	62.66	50.64	38.88
940	    51.16	57.89	57.81	49.88	56.69	62.81	50.73	38.89
941	    51.21	58.04	57.96	49.94	56.80	62.96	50.83	38.90
942	    51.26	58.17	58.11	50.00	56.92	63.11	50.91	38.91
943	    51.32	58.30	58.25	50.06	57.03	63.26	51.01	38.91
944	    51.37	58.44	58.40	50.12	57.14	63.40	51.10	38.92
945	    51.43	58.56	58.54	50.18	57.25	63.54	51.19	38.93
946	    51.48	58.70	58.69	50.24	57.36	63.68	51.29	38.94
947	    51.54	58.82	58.82	50.30	57.47	63.81	51.38	38.95
948	    51.60	58.95	58.96	50.37	57.58	63.95	51.47	38.96
949	    51.65	59.07	59.09	50.43	57.69	64.08	51.58	38.97
950	    51.72	59.19	59.22	50.49	57.81	64.21	51.67	38.98
951	    51.77	59.31	59.35	50.56	57.92	64.34	51.77	38.99
952	    51.83	59.43	59.47	50.62	58.03	64.46	51.87	38.99
953	    51.89	59.54	59.60	50.69	58.15	64.59	51.96	39.00
954	    51.95	59.66	59.73	50.75	58.25	64.71	52.06	39.01
955	    52.01	59.77	59.85	50.82	58.36	64.84	52.16	39.02
956	    52.07	59.89	59.97	50.89	58.47	64.95	52.26	39.02
957	    52.13	60.00	60.09	50.95	58.58	65.07	52.36	39.04
958	    52.19	60.10	60.20	51.02	58.69	65.19	52.46	39.05
959	    52.25	60.22	60.32	51.09	58.80	65.30	52.55	39.05
960	    52.31	60.32	60.43	51.15	58.90	65.42	52.66	39.06
961	    52.37	60.42	60.54	51.22	59.01	65.53	52.75	39.07
962	    52.44	60.53	60.65	51.28	59.12	65.64	52.85	39.08
963	    52.50	60.63	60.75	51.35	59.23	65.75	52.94	39.09
964	    52.56	60.73	60.86	51.41	59.33	65.86	53.04	39.10
965	    52.62	60.83	60.96	51.48	59.44	65.97	53.14	39.11
966	    52.68	60.93	61.07	51.54	59.54	66.06	53.23	39.12
967	    52.74	61.03	61.16	51.61	59.65	66.17	53.34	39.13
968	    52.81	61.12	61.26	51.68	59.76	66.28	53.43	39.14
969	    52.87	61.22	61.36	51.74	59.86	66.38	53.53	39.15
970	    52.93	61.31	61.45	51.80	59.97	66.47	53.62	39.16
971	    52.99	61.40	61.54	51.87	60.07	66.54	53.71	39.17
972	    53.05	61.47	61.61	51.94	60.17	66.58	53.81	39.17
973	    53.12	61.54	61.67	52.00	60.27	66.57	53.90	39.19
974	    53.18	61.59	61.71	52.07	60.37	66.51	54.00	39.20
975	    53.24	61.61	61.72	52.14	60.47	66.42	54.09	39.21
976	    53.30	61.63	61.71	52.20	60.55	66.30	54.18	39.22
977	    53.36	61.62	61.68	52.27	60.64	66.14	54.27	39.23
978	    53.42	61.60	61.64	52.33	60.71	65.97	54.36	39.24
979	    53.49	61.55	61.57	52.40	60.78	65.77	54.45	39.25
980	    53.54	61.50	61.48	52.46	60.84	65.57	54.52	39.26
981	    53.60	61.42	61.38	52.52	60.89	65.35	54.61	39.27
982	    53.66	61.34	61.27	52.58	60.93	65.12	54.68	39.28
983	    53.71	61.25	61.14	52.63	60.96	64.89	54.75	39.29
984	    53.76	61.15	61.00	52.69	60.98	64.65	54.82	39.31
985	    53.81	61.04	60.86	52.73	61.00	64.41	54.89	39.32
986	    53.87	60.92	60.71	52.78	61.00	64.17	54.94	39.33
987	    53.91	60.80	60.54	52.82	61.00	63.93	55.00	39.35
988	    53.95	60.66	60.38	52.86	60.99	63.70	55.04	39.36
989	    53.99	60.54	60.21	52.90	60.98	63.46	55.08	39.37
990	    54.03	60.40	60.04	52.93	60.96	63.23	55.12	39.38
991	    54.07	60.27	59.87	52.96	60.93	62.99	55.15	39.39
992	    54.10	60.12	59.69	52.99	60.90	62.77	55.17	39.40
993	    54.13	59.98	59.52	53.01	60.87	62.54	55.20	39.42
994	    54.16	59.84	59.34	53.04	60.83	62.33	55.21	39.43
995	    54.19	59.70	59.16	53.06	60.78	62.11	55.22	39.44
996	    54.21	59.55	58.99	53.07	60.74	61.91	55.23	39.45
997	    54.23	59.41	58.81	53.08	60.69	61.69	55.23	39.47
998	    54.24	59.27	58.64	53.09	60.63	61.49	55.23	39.48
999	    54.26	59.13	58.47	53.10	60.58	61.30	55.23	39.49
1000	54.27	58.99	58.29	53.10	60.52	61.10	55.21	39.50
1001	54.28	58.85	58.12	53.10	60.46	60.91	55.20	39.52
1002	54.28	58.71	57.95	53.10	60.39	60.72	55.18	39.54
1003	54.29	58.57	57.78	53.10	60.33	60.54	55.16	39.55
1004	54.29	58.44	57.62	53.09	60.26	60.36	55.14	39.56
1005	54.30	58.30	57.45	53.08	60.19	60.18	55.10	39.58
1006	54.30	58.17	57.29	53.07	60.12	60.01	55.08	39.59
1007	54.29	58.04	57.13	53.06	60.05	59.84	55.04	39.60
1008	54.29	57.91	56.98	53.05	59.97	59.68	55.00	39.62
1009	54.28	57.78	56.82	53.03	59.90	59.52	54.96	39.64
1010	54.28	57.65	56.67	53.02	59.82	59.36	54.92	39.65
1011	54.26	57.53	56.52	53.00	59.75	59.20	54.88	39.66
1012	54.25	57.40	56.37	52.98	59.66	59.05	54.83	39.68
1013	54.24	57.28	56.23	52.96	59.58	58.90	54.78	39.69
1014	54.23	57.16	56.09	52.93	59.51	58.76	54.73	39.71
1015	54.21	57.04	55.95	52.91	59.43	58.62	54.68	39.72
1016	54.20	56.92	55.81	52.88	59.34	58.47	54.62	39.74
1017	54.18	56.81	55.67	52.86	59.27	58.34	54.57	39.75
1018	54.16	56.69	55.53	52.83	59.19	58.20	54.51	39.77
1019	54.14	56.59	55.41	52.80	59.10	58.07	54.46	39.79
1020	54.12	56.48	55.28	52.77	59.02	57.94	54.39	39.80
1021	54.11	56.37	55.15	52.74	58.94	57.81	54.33	39.82
1022	54.08	56.26	55.03	52.71	58.85	57.69	54.27	39.83
1023	54.06	56.16	54.90	52.69	58.77	57.57	54.20	39.85
1024	54.04	56.05	54.78	52.65	58.69	57.45	54.14	39.86
1025	54.01	55.95	54.66	52.62	58.60	57.32	54.07	39.88
1026	53.99	55.85	54.55	52.58	58.52	57.21	54.01	39.90
1027	53.96	55.75	54.43	52.55	58.44	57.10	53.94	39.91
1028	53.94	55.65	54.32	52.51	58.35	56.98	53.87	39.93
1029	53.91	55.56	54.21	52.48	58.27	56.88	53.80	39.94
1030	53.89	55.46	54.10	52.44	58.18	56.76	53.73	39.96
1031	53.86	55.37	54.00	52.41	58.10	56.66	53.66	39.97
1032	53.83	55.28	53.89	52.37	58.02	56.55	53.60	39.99
1033	53.81	55.19	53.79	52.33	57.93	56.45	53.53	40.01
1034	53.77	55.10	53.68	52.29	57.85	56.35	53.46	40.02
1035	53.75	55.02	53.59	52.25	57.76	56.24	53.38	40.04
1036	53.72	54.93	53.49	52.22	57.68	56.15	53.32	40.06
1037	53.69	54.84	53.40	52.18	57.60	56.04	53.24	40.07
1038	53.66	54.76	53.30	52.14	57.52	55.95	53.17	40.08
1039	53.63	54.68	53.21	52.10	57.43	55.86	53.10	40.10
1040	53.60	54.60	53.12	52.06	57.35	55.76	53.02	40.11
1041	53.57	54.52	53.03	52.02	57.27	55.67	52.96	40.13
1042	53.54	54.44	52.94	51.98	57.19	55.58	52.88	40.14
1043	53.51	54.37	52.85	51.94	57.10	55.49	52.81	40.16
1044	53.48	54.29	52.77	51.90	57.02	55.40	52.74	40.18
1045	53.45	54.22	52.69	51.86	56.94	55.32	52.67	40.19
1046	53.42	54.14	52.61	51.82	56.86	55.23	52.60	40.21
1047	53.39	54.07	52.52	51.78	56.78	55.15	52.53	40.22
1048	53.35	54.00	52.45	51.74	56.70	55.06	52.46	40.23
1049	53.32	53.93	52.37	51.71	56.62	54.97	52.39	40.25
1050	53.29	53.86	52.29	51.67	56.54	54.90	52.32	40.26
1051	53.26	53.79	52.22	51.62	56.46	54.83	52.25	40.28
1052	53.22	53.73	52.15	51.58	56.38	54.79	52.18	40.29
1053	53.19	53.68	52.10	51.54	56.31	54.79	52.11	40.31
1054	53.16	53.65	52.07	51.50	56.23	54.84	52.04	40.32
1055	53.13	53.63	52.06	51.46	56.15	54.94	51.97	40.33
1056	53.10	53.64	52.07	51.42	56.08	55.07	51.90	40.35
1057	53.06	53.65	52.10	51.38	56.02	55.24	51.84	40.36
1058	53.03	53.69	52.17	51.34	55.97	55.44	51.77	40.37
1059	53.00	53.76	52.25	51.30	55.92	55.65	51.71	40.38
1060	52.97	53.83	52.35	51.26	55.88	55.90	51.65	40.40
1061	52.94	53.92	52.46	51.23	55.85	56.14	51.59	40.41
1062	52.91	54.03	52.61	51.20	55.83	56.41	51.54	40.42
1063	52.88	54.15	52.75	51.16	55.82	56.68	51.49	40.43
1064	52.86	54.28	52.92	51.13	55.82	56.96	51.45	40.45
1065	52.84	54.42	53.09	51.11	55.83	57.23	51.41	40.46
1066	52.81	54.56	53.27	51.08	55.84	57.51	51.37	40.47
1067	52.79	54.71	53.45	51.06	55.86	57.78	51.34	40.49
1068	52.78	54.87	53.65	51.04	55.90	58.05	51.31	40.49
1069	52.76	55.03	53.84	51.03	55.93	58.33	51.29	40.51
1070	52.75	55.20	54.05	51.02	55.98	58.60	51.28	40.52
1071	52.74	55.38	54.25	51.01	56.03	58.87	51.27	40.53
1072	52.73	55.54	54.47	51.00	56.08	59.13	51.27	40.54
1073	52.74	55.71	54.67	51.00	56.15	59.39	51.26	40.55
1074	52.73	55.89	54.88	51.00	56.22	59.65	51.27	40.56
1075	52.74	56.07	55.09	51.01	56.29	59.89	51.28	40.57
1076	52.74	56.24	55.30	51.02	56.36	60.14	51.30	40.58
1077	52.75	56.42	55.51	51.03	56.43	60.38	51.32	40.60
1078	52.76	56.59	55.72	51.05	56.52	60.62	51.35	40.61
1079	52.77	56.77	55.92	51.06	56.60	60.84	51.37	40.62
1080	52.79	56.94	56.11	51.07	56.69	61.08	51.40	40.63
1081	52.81	57.11	56.32	51.09	56.78	61.30	51.44	40.63
1082	52.83	57.28	56.52	51.12	56.87	61.51	51.48	40.64
1083	52.85	57.45	56.72	51.15	56.96	61.72	51.53	40.65
1084	52.87	57.61	56.91	51.18	57.06	61.94	51.58	40.67
1085	52.90	57.79	57.11	51.21	57.16	62.14	51.63	40.67
1086	52.93	57.95	57.30	51.25	57.26	62.34	51.69	40.69
1087	52.96	58.11	57.49	51.29	57.35	62.53	51.75	40.69
1088	53.00	58.27	57.68	51.33	57.45	62.73	51.80	40.71
1089	53.03	58.43	57.87	51.37	57.55	62.91	51.87	40.71
1090	53.07	58.59	58.04	51.41	57.66	63.10	51.94	40.72
1091	53.11	58.75	58.23	51.46	57.76	63.28	52.01	40.73
1092	53.15	58.90	58.40	51.50	57.87	63.46	52.08	40.74
1093	53.19	59.06	58.57	51.54	57.97	63.63	52.15	40.74
1094	53.22	59.21	58.75	51.60	58.08	63.80	52.23	40.75
1095	53.27	59.35	58.91	51.64	58.19	63.97	52.31	40.76
1096	53.32	59.50	59.09	51.70	58.29	64.14	52.39	40.77
1097	53.36	59.64	59.24	51.75	58.40	64.30	52.47	40.78
1098	53.41	59.79	59.40	51.80	58.51	64.45	52.56	40.79
1099	53.46	59.93	59.56	51.86	58.61	64.62	52.64	40.80
1100	53.50	60.07	59.72	51.91	58.72	64.76	52.73	40.80
1101	53.55	60.21	59.87	51.97	58.83	64.91	52.81	40.81
1102	53.60	60.34	60.02	52.03	58.94	65.06	52.90	40.82
1103	53.65	60.47	60.18	52.09	59.05	65.21	52.99	40.83
1104	53.70	60.61	60.32	52.14	59.15	65.35	53.08	40.84
1105	53.75	60.73	60.46	52.20	59.27	65.49	53.17	40.84
1106	53.81	60.86	60.60	52.26	59.37	65.63	53.27	40.85
1107	53.86	60.98	60.74	52.32	59.49	65.77	53.36	40.86
1108	53.91	61.11	60.87	52.38	59.59	65.90	53.45	40.87
1109	53.97	61.23	61.01	52.44	59.70	66.03	53.55	40.87
1110	54.02	61.35	61.15	52.50	59.81	66.15	53.64	40.88
1111	54.08	61.47	61.27	52.57	59.92	66.30	53.74	40.89
1112	54.14	61.59	61.40	52.63	60.03	66.42	53.83	40.90
1113	54.19	61.70	61.53	52.69	60.14	66.54	53.93	40.91
1114	54.25	61.82	61.64	52.75	60.24	66.66	54.02	40.92
1115	54.31	61.93	61.77	52.81	60.35	66.79	54.12	40.92
1116	54.36	62.04	61.89	52.88	60.46	66.90	54.22	40.93
1117	54.42	62.15	62.00	52.94	60.56	67.02	54.31	40.94
1118	54.48	62.26	62.12	53.01	60.67	67.13	54.41	40.95
1119	54.54	62.37	62.23	53.07	60.78	67.25	54.50	40.96
1120	54.60	62.47	62.34	53.14	60.88	67.36	54.60	40.97
1121	54.66	62.58	62.45	53.20	60.99	67.47	54.70	40.97
1122	54.71	62.68	62.56	53.26	61.09	67.59	54.79	40.98
1123	54.77	62.78	62.67	53.33	61.20	67.69	54.89	40.99
1124	54.83	62.88	62.77	53.39	61.30	67.80	54.98	41.00
1125	54.89	62.98	62.88	53.45	61.40	67.90	55.08	41.01
1126	54.95	63.07	62.97	53.52	61.51	68.01	55.18	41.01
1127	55.01	63.17	63.07	53.58	61.61	68.11	55.27	41.02
1128	55.07	63.27	63.17	53.64	61.71	68.21	55.37	41.03
1129	55.13	63.36	63.27	53.70	61.82	68.31	55.46	41.04
1130	55.19	63.45	63.36	53.77	61.91	68.41	55.55	41.04
1131	55.25	63.55	63.46	53.83	62.02	68.50	55.65	41.05
1132	55.31	63.63	63.54	53.90	62.12	68.57	55.74	41.06
1133	55.37	63.71	63.61	53.96	62.22	68.60	55.84	41.08
1134	55.43	63.77	63.67	54.03	62.32	68.58	55.93	41.08
1135	55.49	63.81	63.70	54.09	62.41	68.53	56.02	41.09
1136	55.55	63.84	63.71	54.16	62.50	68.44	56.11	41.10
1137	55.61	63.85	63.70	54.22	62.59	68.32	56.20	41.11
1138	55.67	63.84	63.67	54.28	62.67	68.16	56.29	41.12
1139	55.72	63.81	63.62	54.34	62.74	67.99	56.37	41.13
1140	55.78	63.77	63.55	54.40	62.81	67.79	56.46	41.14
1141	55.84	63.71	63.46	54.46	62.86	67.59	56.54	41.15
1142	55.90	63.64	63.36	54.52	62.91	67.36	56.61	41.16
1143	55.95	63.55	63.24	54.58	62.95	67.14	56.69	41.17
1144	56.01	63.46	63.12	54.63	62.98	66.90	56.76	41.18
1145	56.05	63.36	62.98	54.68	63.00	66.67	56.82	41.19
1146	56.10	63.25	62.83	54.73	63.01	66.42	56.88	41.20
1147	56.15	63.13	62.67	54.77	63.02	66.19	56.93	41.21
1148	56.19	63.00	62.52	54.81	63.01	65.94	56.99	41.22
1149	56.24	62.87	62.35	54.85	63.00	65.71	57.03	41.23
1150	56.27	62.74	62.19	54.89	62.99	65.47	57.07	41.24
1151	56.31	62.61	62.01	54.92	62.97	65.24	57.11	41.25
1152	56.34	62.46	61.84	54.95	62.94	65.00	57.13	41.27
1153	56.38	62.32	61.66	54.97	62.91	64.78	57.16	41.28
1154	56.40	62.18	61.48	55.00	62.87	64.56	57.18	41.29
1155	56.43	62.04	61.31	55.01	62.83	64.33	57.19	41.30
1156	56.45	61.90	61.13	55.03	62.79	64.11	57.20	41.31
1157	56.47	61.75	60.95	55.04	62.73	63.90	57.21	41.33
1158	56.48	61.60	60.77	55.05	62.69	63.70	57.21	41.34
1159	56.50	61.46	60.59	55.06	62.63	63.50	57.21	41.35
1160	56.51	61.32	60.42	55.07	62.57	63.29	57.20	41.36
1161	56.52	61.18	60.25	55.07	62.51	63.10	57.19	41.38
1162	56.53	61.04	60.08	55.07	62.45	62.91	57.17	41.39
1163	56.53	60.89	59.90	55.06	62.38	62.72	57.15	41.41
1164	56.53	60.75	59.74	55.06	62.31	62.53	57.13	41.42
1165	56.53	60.61	59.57	55.05	62.25	62.35	57.10	41.43
1166	56.54	60.48	59.40	55.05	62.18	62.17	57.07	41.44
1167	56.53	60.34	59.24	55.03	62.10	62.00	57.04	41.46
1168	56.52	60.21	59.08	55.02	62.03	61.84	57.00	41.47
1169	56.52	60.08	58.93	55.00	61.95	61.66	56.96	41.48
1170	56.51	59.95	58.77	54.98	61.88	61.51	56.92	41.50
1171	56.50	59.82	58.62	54.97	61.80	61.35	56.88	41.51
1172	56.49	59.69	58.46	54.95	61.72	61.20	56.84	41.52
1173	56.47	59.57	58.32	54.93	61.64	61.04	56.79	41.54
1174	56.46	59.44	58.17	54.90	61.56	60.89	56.74	41.55
1175	56.45	59.32	58.03	54.88	61.48	60.74	56.69	41.57
1176	56.43	59.20	57.89	54.85	61.40	60.60	56.63	41.58
1177	56.41	59.08	57.75	54.82	61.32	60.46	56.57	41.59
1178	56.39	58.97	57.61	54.79	61.24	60.32	56.52	41.61
1179	56.37	58.85	57.48	54.77	61.16	60.19	56.46	41.62
1180	56.35	58.74	57.34	54.74	61.07	60.06	56.40	41.64
1181	56.33	58.62	57.21	54.71	60.99	59.92	56.34	41.65
1182	56.30	58.51	57.09	54.68	60.91	59.79	56.28	41.67
1183	56.28	58.41	56.96	54.64	60.82	59.67	56.21	41.69
1184	56.26	58.30	56.83	54.61	60.73	59.54	56.15	41.70
1185	56.23	58.20	56.71	54.58	60.65	59.42	56.08	41.71
1186	56.21	58.10	56.59	54.54	60.57	59.31	56.01	41.73
1187	56.18	57.99	56.48	54.50	60.48	59.19	55.95	41.74
1188	56.15	57.89	56.36	54.47	60.40	59.07	55.88	41.76
1189	56.13	57.79	56.25	54.43	60.32	58.96	55.81	41.77
1190	56.09	57.69	56.14	54.40	60.23	58.85	55.74	41.79
1191	56.07	57.60	56.03	54.36	60.15	58.74	55.67	41.80
1192	56.04	57.51	55.92	54.32	60.06	58.63	55.60	41.82
1193	56.01	57.41	55.82	54.29	59.98	58.52	55.52	41.83
1194	55.98	57.32	55.71	54.25	59.89	58.42	55.46	41.84
1195	55.95	57.24	55.61	54.21	59.81	58.31	55.38	41.86
1196	55.92	57.14	55.51	54.17	59.72	58.22	55.31	41.87
1197	55.89	57.06	55.42	54.13	59.64	58.11	55.24	41.89
1198	55.86	56.97	55.32	54.09	59.55	58.01	55.17	41.90
1199	55.83	56.89	55.22	54.05	59.47	57.92	55.09	41.92
1200	55.79	56.81	55.13	54.01	59.39	57.82	55.02	41.93
1201	55.76	56.72	55.04	53.97	59.31	57.73	54.95	41.94
1202	55.73	56.64	54.95	53.93	59.22	57.63	54.87	41.96
1203	55.70	56.57	54.86	53.89	59.14	57.54	54.80	41.97
1204	55.66	56.48	54.77	53.85	59.06	57.45	54.73	41.99
1205	55.63	56.41	54.69	53.80	58.97	57.37	54.66	42.00
1206	55.60	56.34	54.61	53.77	58.89	57.28	54.59	42.02
1207	55.57	56.26	54.52	53.72	58.81	57.19	54.52	42.03
1208	55.53	56.19	54.44	53.68	58.73	57.10	54.44	42.04
1209	55.50	56.11	54.36	53.64	58.65	57.02	54.37	42.05
1210	55.46	56.04	54.28	53.60	58.57	56.93	54.30	42.07
1211	55.43	55.97	54.21	53.56	58.49	56.86	54.23	42.09
1212	55.40	55.90	54.14	53.52	58.41	56.82	54.16	42.10
1213	55.36	55.85	54.08	53.48	58.33	56.81	54.09	42.11
1214	55.32	55.81	54.04	53.43	58.26	56.86	54.02	42.12
1215	55.29	55.79	54.03	53.39	58.17	56.93	53.94	42.14
1216	55.26	55.79	54.03	53.35	58.11	57.07	53.87	42.15
1217	55.23	55.81	54.06	53.30	58.04	57.22	53.81	42.15
1218	55.19	55.84	54.12	53.27	57.98	57.41	53.74	42.17
1219	55.16	55.90	54.20	53.23	57.93	57.63	53.67	42.18
1220	55.13	55.97	54.29	53.19	57.89	57.86	53.61	42.20
1221	55.09	56.06	54.41	53.15	57.86	58.11	53.55	42.21
1222	55.07	56.15	54.54	53.12	57.84	58.37	53.50	42.22
1223	55.04	56.27	54.68	53.09	57.82	58.63	53.45	42.23
1224	55.01	56.39	54.84	53.05	57.82	58.90	53.40	42.24
1225	54.98	56.53	55.01	53.03	57.82	59.17	53.36	42.25
1226	54.96	56.67	55.19	53.00	57.84	59.44	53.32	42.26
1227	54.94	56.82	55.37	52.98	57.86	59.72	53.29	42.27
1228	54.92	56.97	55.56	52.96	57.88	59.99	53.26	42.28
1229	54.90	57.14	55.75	52.94	57.92	60.27	53.24	42.30
1230	54.89	57.30	55.95	52.92	57.96	60.54	53.22	42.31
1231	54.88	57.46	56.15	52.92	58.01	60.80	53.21	42.32
1232	54.87	57.63	56.35	52.91	58.06	61.06	53.20	42.33
1233	54.87	57.80	56.56	52.91	58.13	61.32	53.20	42.34
1234	54.86	57.97	56.76	52.91	58.19	61.56	53.21	42.35
1235	54.86	58.14	56.98	52.91	58.26	61.81	53.21	42.37
1236	54.87	58.31	57.18	52.91	58.33	62.06	53.23	42.38
1237	54.87	58.49	57.38	52.93	58.40	62.29	53.25	42.38
1238	54.88	58.66	57.59	52.93	58.48	62.53	53.27	42.40
1239	54.90	58.83	57.79	52.95	58.56	62.75	53.30	42.40
1240	54.91	59.01	58.00	52.97	58.65	62.98	53.33	42.41
1241	54.92	59.17	58.19	52.99	58.73	63.20	53.36	42.42
1242	54.94	59.34	58.39	53.02	58.82	63.41	53.40	42.43
1243	54.96	59.51	58.58	53.04	58.91	63.62	53.44	42.44
1244	54.99	59.67	58.79	53.07	59.01	63.83	53.49	42.45
1245	55.01	59.84	58.97	53.10	59.10	64.04	53.54	42.46
1246	55.04	60.00	59.17	53.13	59.20	64.23	53.60	42.47
1247	55.07	60.16	59.35	53.17	59.29	64.43	53.65	42.47
1248	55.10	60.32	59.54	53.20	59.39	64.62	53.72	42.48
1249	55.13	60.48	59.72	53.24	59.49	64.81	53.77	42.49
1250	55.17	60.63	59.90	53.29	59.59	64.98	53.84	42.50
1251	55.20	60.79	60.07	53.33	59.69	65.16	53.91	42.51
1252	55.24	60.94	60.25	53.37	59.80	65.34	53.98	42.52
1253	55.28	61.09	60.42	53.42	59.90	65.51	54.05	42.52
1254	55.31	61.24	60.59	53.46	60.01	65.68	54.12	42.53
1255	55.36	61.39	60.75	53.51	60.11	65.85	54.20	42.54
1256	55.40	61.53	60.92	53.56	60.22	66.01	54.28	42.55
1257	55.44	61.67	61.08	53.61	60.32	66.17	54.36	42.56
1258	55.49	61.81	61.24	53.66	60.43	66.33	54.44	42.57
1259	55.53	61.95	61.39	53.71	60.54	66.48	54.52	42.57
1260	55.58	62.08	61.54	53.77	60.64	66.63	54.60	42.58
1261	55.62	62.22	61.69	53.82	60.74	66.78	54.69	42.58
1262	55.67	62.35	61.84	53.87	60.85	66.93	54.77	42.59
1263	55.72	62.48	61.98	53.93	60.96	67.07	54.86	42.60
1264	55.77	62.61	62.13	53.99	61.07	67.21	54.95	42.61
1265	55.82	62.74	62.27	54.05	61.17	67.35	55.04	42.61
1266	55.87	62.86	62.41	54.11	61.28	67.49	55.13	42.62
1267	55.92	62.99	62.54	54.16	61.39	67.62	55.22	42.63
1268	55.98	63.11	62.67	54.22	61.49	67.75	55.31	42.63
1269	56.03	63.23	62.81	54.28	61.60	67.89	55.41	42.64
1270	56.08	63.35	62.94	54.34	61.71	68.02	55.50	42.65
1271	56.13	63.47	63.06	54.40	61.82	68.13	55.59	42.66
1272	56.19	63.58	63.19	54.46	61.92	68.24	55.68	42.66
1273	56.24	63.68	63.29	54.52	62.02	68.31	55.77	42.67
1274	56.30	63.78	63.39	54.58	62.13	68.33	55.87	42.68
1275	56.35	63.85	63.46	54.64	62.23	68.32	55.97	42.69
1276	56.40	63.91	63.51	54.70	62.33	68.26	56.06	42.69
1277	56.46	63.95	63.54	54.76	62.42	68.17	56.15	42.70
1278	56.52	63.96	63.54	54.82	62.51	68.06	56.24	42.71
1279	56.57	63.97	63.53	54.89	62.60	67.91	56.33	42.72
1280	56.62	63.95	63.49	54.95	62.67	67.74	56.42	42.72
1281	56.68	63.92	63.44	55.00	62.74	67.56	56.51	42.73
1282	56.74	63.87	63.36	55.06	62.79	67.36	56.59	42.74
1283	56.79	63.81	63.27	55.12	62.84	67.15	56.67	42.75
1284	56.84	63.74	63.18	55.17	62.89	66.95	56.75	42.75
1285	56.89	63.66	63.07	55.22	62.92	66.78	56.83	42.76
1286	56.93	63.59	62.98	55.27	62.94	66.64	56.89	42.76
1287	56.98	63.52	62.89	55.32	62.96	66.55	56.95	42.78
1288	57.02	63.47	62.82	55.36	62.97	66.49	57.02	42.78
1289	57.06	63.42	62.76	55.40	62.98	66.47	57.07	42.79
1290	57.10	63.39	62.71	55.44	62.99	66.49	57.12	42.80
1291	57.13	63.37	62.69	55.47	63.00	66.52	57.17	42.80
1292	57.17	63.36	62.67	55.50	63.01	66.56	57.22	42.82
1293	57.20	63.36	62.66	55.53	63.02	66.58	57.26	42.82
1294	57.23	63.35	62.65	55.56	63.04	66.57	57.29	42.83
1295	57.26	63.34	62.63	55.59	63.06	66.53	57.33	42.84
1296	57.29	63.33	62.60	55.62	63.07	66.46	57.36	42.85
1297	57.31	63.30	62.56	55.64	63.09	66.37	57.40	42.86
1298	57.34	63.26	62.51	55.67	63.11	66.26	57.43	42.86
1299	57.36	63.21	62.44	55.69	63.13	66.12	57.47	42.87
1300	57.39	63.16	62.37	55.72	63.14	65.98	57.49	42.88
1301	57.41	63.09	62.28	55.74	63.14	65.82	57.52	42.89
1302	57.44	63.01	62.18	55.76	63.15	65.66	57.55	42.90
1303	57.46	62.93	62.07	55.78	63.15	65.48	57.57	42.91
1304	57.48	62.84	61.96	55.80	63.14	65.30	57.59	42.91
1305	57.50	62.75	61.84	55.82	63.12	65.12	57.61	42.93
1306	57.52	62.65	61.71	55.84	63.11	64.93	57.62	42.93
1307	57.53	62.54	61.58	55.85	63.09	64.75	57.64	42.95
1308	57.55	62.43	61.45	55.86	63.05	64.56	57.65	42.96
1309	57.56	62.32	61.31	55.87	63.03	64.38	57.65	42.97
1310	57.58	62.21	61.17	55.88	62.99	64.19	57.65	42.97
1311	57.59	62.09	61.03	55.89	62.95	64.01	57.65	42.98
1312	57.59	61.98	60.89	55.89	62.91	63.83	57.65	43.00
1313	57.60	61.86	60.74	55.90	62.87	63.66	57.64	43.00
1314	57.61	61.74	60.60	55.90	62.81	63.48	57.63	43.02
1315	57.61	61.62	60.45	55.89	62.76	63.30	57.62	43.03
1316	57.61	61.50	60.31	55.89	62.71	63.13	57.60	43.03
1317	57.61	61.38	60.16	55.89	62.65	62.97	57.58	43.05
1318	57.61	61.26	60.02	55.88	62.59	62.81	57.56	43.06
1319	57.61	61.14	59.88	55.87	62.53	62.64	57.54	43.07
1320	57.60	61.03	59.74	55.86	62.47	62.49	57.51	43.08
1321	57.60	60.91	59.60	55.84	62.40	62.33	57.48	43.09
1322	57.59	60.79	59.46	55.83	62.34	62.18	57.44	43.10
1323	57.58	60.68	59.32	55.82	62.27	62.02	57.41	43.11
1324	57.57	60.56	59.19	55.80	62.20	61.88	57.37	43.13
1325	57.56	60.45	59.06	55.78	62.13	61.73	57.33	43.14
1326	57.55	60.34	58.92	55.76	62.05	61.59	57.29	43.15
1327	57.53	60.23	58.79	55.74	61.98	61.45	57.25	43.16
1328	57.52	60.12	58.67	55.72	61.91	61.32	57.20	43.17
1329	57.50	60.01	58.53	55.69	61.84	61.19	57.16	43.18
1330	57.48	59.91	58.41	55.67	61.76	61.06	57.11	43.20
1331	57.46	59.80	58.29	55.64	61.69	60.93	57.06	43.21
1332	57.44	59.69	58.17	55.61	61.61	60.80	57.00	43.22
1333	57.42	59.59	58.05	55.59	61.54	60.68	56.95	43.23
1334	57.40	59.49	57.93	55.55	61.46	60.55	56.90	43.24
1335	57.38	59.39	57.82	55.53	61.38	60.44	56.84	43.25
1336	57.35	59.30	57.70	55.50	61.31	60.33	56.79	43.26
1337	57.33	59.20	57.59	55.46	61.23	60.20	56.73	43.27
1338	57.30	59.10	57.48	55.43	61.15	60.09	56.67	43.29
1339	57.28	59.01	57.37	55.40	61.07	59.98	56.61	43.30
1340	57.25	58.91	57.27	55.37	61.00	59.87	56.55	43.31
1341	57.22	58.82	57.16	55.33	60.92	59.76	56.49	43.32
1342	57.20	58.73	57.06	55.30	60.84	59.66	56.43	43.34
1343	57.17	58.64	56.96	55.26	60.76	59.55	56.37	43.35
1344	57.15	58.56	56.86	55.23	60.68	59.45	56.30	43.36
1345	57.11	58.47	56.75	55.19	60.61	59.35	56.24	43.37
1346	57.09	58.38	56.66	55.15	60.52	59.26	56.18	43.38
1347	57.05	58.30	56.57	55.12	60.45	59.16	56.11	43.39
1348	57.03	58.22	56.48	55.08	60.37	59.06	56.05	43.41
1349	57.00	58.14	56.39	55.05	60.29	58.97	55.98	43.42
1350	56.97	58.06	56.29	55.01	60.21	58.88	55.92	43.43
1351	56.94	57.98	56.20	54.97	60.14	58.78	55.86	43.44
1352	56.91	57.90	56.12	54.93	60.06	58.69	55.79	43.45
1353	56.87	57.82	56.03	54.89	59.98	58.60	55.72	43.46
1354	56.84	57.75	55.95	54.86	59.90	58.51	55.65	43.47
1355	56.81	57.67	55.87	54.82	59.83	58.43	55.59	43.48
1356	56.78	57.60	55.79	54.77	59.75	58.35	55.53	43.50
1357	56.75	57.53	55.71	54.74	59.67	58.26	55.46	43.51
1358	56.71	57.46	55.63	54.70	59.59	58.18	55.39	43.52
1359	56.68	57.39	55.55	54.66	59.52	58.10	55.33	43.53
1360	56.65	57.32	55.48	54.62	59.45	58.02	55.27	43.54
1361	56.61	57.25	55.40	54.58	59.37	57.94	55.20	43.55
1362	56.58	57.19	55.33	54.54	59.29	57.86	55.14	43.56
1363	56.55	57.12	55.26	54.51	59.22	57.79	55.07	43.57
1364	56.52	57.06	55.19	54.46	59.15	57.71	55.01	43.58
1365	56.48	57.00	55.12	54.43	59.07	57.63	54.94	43.59
1366	56.45	56.93	55.06	54.39	59.00	57.56	54.88	43.60
1367	56.42	56.87	54.98	54.35	58.92	57.48	54.81	43.61
1368	56.39	56.81	54.92	54.31	58.85	57.41	54.74	43.62
1369	56.35	56.75	54.85	54.27	58.78	57.34	54.69	43.63
1370	56.32	56.69	54.79	54.23	58.70	57.27	54.63	43.64
1371	56.28	56.63	54.73	54.19	58.63	57.20	54.56	43.65
1372	56.25	56.57	54.67	54.15	58.56	57.14	54.50	43.66
1373	56.22	56.52	54.61	54.12	58.49	57.09	54.44	43.68
1374	56.18	56.47	54.57	54.08	58.42	57.08	54.38	43.69
1375	56.15	56.44	54.54	54.04	58.35	57.12	54.32	43.69
1376	56.11	56.42	54.52	54.00	58.29	57.20	54.25	43.70
1377	56.08	56.42	54.54	53.96	58.22	57.32	54.20	43.71
1378	56.05	56.44	54.58	53.92	58.16	57.48	54.13	43.72
1379	56.01	56.48	54.64	53.88	58.11	57.67	54.08	43.73
1380	55.98	56.54	54.72	53.85	58.06	57.89	54.03	43.74
1381	55.95	56.62	54.82	53.81	58.03	58.13	53.98	43.75
1382	55.92	56.71	54.94	53.77	58.00	58.38	53.92	43.76
1383	55.89	56.81	55.08	53.74	57.98	58.65	53.87	43.77
1384	55.86	56.93	55.23	53.71	57.97	58.92	53.83	43.77
1385	55.83	57.06	55.40	53.68	57.97	59.20	53.79	43.78
1386	55.81	57.20	55.57	53.65	57.98	59.48	53.76	43.79
1387	55.78	57.35	55.76	53.63	58.00	59.76	53.73	43.80
1388	55.76	57.51	55.95	53.61	58.03	60.05	53.70	43.80
1389	55.74	57.67	56.15	53.59	58.06	60.33	53.68	43.81
1390	55.73	57.83	56.35	53.58	58.10	60.61	53.67	43.82
1391	55.71	58.01	56.56	53.56	58.15	60.89	53.66	43.83
1392	55.70	58.18	56.77	53.56	58.21	61.17	53.65	43.83
1393	55.70	58.36	56.98	53.55	58.26	61.44	53.66	43.84
1394	55.69	58.53	57.20	53.55	58.33	61.71	53.66	43.84
1395	55.69	58.72	57.41	53.55	58.40	61.97	53.67	43.85
1396	55.69	58.90	57.63	53.56	58.48	62.23	53.68	43.86
1397	55.69	59.07	57.84	53.56	58.56	62.49	53.71	43.86
1398	55.70	59.26	58.07	53.58	58.63	62.73	53.73	43.87
1399	55.71	59.43	58.28	53.59	58.72	62.98	53.76	43.88
1400	55.72	59.62	58.49	53.61	58.81	63.22	53.80	43.88
1401	55.74	59.80	58.71	53.63	58.90	63.46	53.83	43.88
1402	55.75	59.97	58.91	53.65	59.00	63.69	53.88	43.89
1403	55.77	60.15	59.12	53.68	59.09	63.91	53.92	43.90
1404	55.80	60.33	59.33	53.70	59.19	64.14	53.98	43.90
1405	55.82	60.50	59.53	53.74	59.29	64.35	54.03	43.91
1406	55.85	60.67	59.73	53.77	59.39	64.57	54.09	43.92
1407	55.87	60.84	59.93	53.81	59.50	64.77	54.15	43.92
1408	55.90	61.01	60.13	53.84	59.60	64.97	54.22	43.93
1409	55.94	61.18	60.32	53.88	59.71	65.17	54.28	43.93
1410	55.97	61.35	60.52	53.92	59.81	65.37	54.35	43.94
1411	56.01	61.50	60.70	53.97	59.93	65.56	54.42	43.94
1412	56.04	61.67	60.89	54.01	60.03	65.75	54.50	43.94
1413	56.08	61.82	61.07	54.06	60.14	65.94	54.58	43.95
1414	56.12	61.98	61.25	54.11	60.25	66.11	54.65	43.96
1415	56.16	62.13	61.43	54.16	60.37	66.30	54.74	43.96
1416	56.21	62.29	61.60	54.21	60.48	66.47	54.82	43.97
1417	56.25	62.44	61.77	54.26	60.59	66.64	54.91	43.97
1418	56.29	62.59	61.94	54.32	60.70	66.81	55.00	43.98
1419	56.34	62.74	62.11	54.37	60.81	66.98	55.08	43.98
1420	56.39	62.88	62.27	54.43	60.93	67.14	55.17	43.99
1421	56.44	63.02	62.43	54.49	61.05	67.30	55.26	43.99
1422	56.49	63.17	62.59	54.54	61.16	67.46	55.36	43.99
1423	56.53	63.30	62.74	54.60	61.27	67.61	55.45	44.00
1424	56.58	63.44	62.90	54.66	61.39	67.76	55.55	44.00
1425	56.63	63.58	63.05	54.72	61.49	67.91	55.64	44.01
1426	56.68	63.71	63.20	54.78	61.61	68.06	55.74	44.01
1427	56.74	63.84	63.34	54.84	61.72	68.19	55.83	44.02
1428	56.79	63.97	63.48	54.90	61.84	68.34	55.94	44.02
1429	56.84	64.10	63.63	54.97	61.95	68.48	56.03	44.03
1430	56.90	64.22	63.76	55.03	62.06	68.62	56.13	44.03
1431	56.95	64.35	63.90	55.09	62.18	68.75	56.23	44.03
1432	57.01	64.47	64.03	55.15	62.29	68.89	56.33	44.04
1433	57.07	64.59	64.16	55.22	62.41	69.02	56.44	44.04
1434	57.12	64.71	64.29	55.28	62.52	69.14	56.54	44.05
1435	57.18	64.83	64.42	55.35	62.63	69.27	56.64	44.06
1436	57.24	64.94	64.55	55.41	62.74	69.39	56.74	44.06
1437	57.29	65.06	64.67	55.48	62.85	69.52	56.84	44.07
1438	57.35	65.17	64.79	55.54	62.97	69.64	56.94	44.07
1439	57.41	65.28	64.90	55.61	63.07	69.76	57.05	44.08
1440	57.46	65.39	65.02	55.67	63.19	69.88	57.15	44.08
1441	57.52	65.50	65.14	55.74	63.29	70.00	57.25	44.09
1442	57.58	65.60	65.25	55.80	63.41	70.12	57.35	44.09
1443	57.64	65.71	65.36	55.87	63.51	70.23	57.45	44.09
1444	57.70	65.81	65.47	55.93	63.62	70.34	57.55	44.10
1445	57.76	65.92	65.58	56.00	63.73	70.46	57.65	44.10
1446	57.82	66.02	65.69	56.07	63.84	70.56	57.75	44.11
1447	57.88	66.11	65.78	56.13	63.95	70.67	57.85	44.11
1448	57.94	66.22	65.89	56.20	64.05	70.78	57.95	44.12
1449	58.00	66.31	65.98	56.26	64.16	70.88	58.05	44.13
1450	58.05	66.41	66.09	56.33	64.27	70.99	58.15	44.13
1451	58.12	66.51	66.18	56.39	64.37	71.09	58.25	44.14
1452	58.18	66.60	66.28	56.46	64.48	71.20	58.35	44.14
1453	58.24	66.69	66.37	56.52	64.58	71.29	58.45	44.16
1454	58.30	66.77	66.46	56.59	64.69	71.35	58.54	44.16
1455	58.35	66.85	66.53	56.65	64.79	71.37	58.64	44.17
1456	58.41	66.91	66.58	56.72	64.89	71.35	58.74	44.18
1457	58.48	66.95	66.61	56.78	64.99	71.29	58.84	44.18
1458	58.54	66.97	66.61	56.85	65.08	71.19	58.93	44.19
1459	58.59	66.98	66.60	56.91	65.17	71.06	59.02	44.19
1460	58.65	66.96	66.57	56.97	65.25	70.90	59.12	44.20
1461	58.71	66.93	66.51	57.03	65.33	70.73	59.21	44.21
1462	58.77	66.89	66.44	57.09	65.39	70.53	59.29	44.21
1463	58.83	66.83	66.35	57.15	65.45	70.33	59.37	44.22
1464	58.88	66.75	66.24	57.21	65.50	70.11	59.45	44.23
1465	58.94	66.66	66.12	57.26	65.54	69.89	59.53	44.23
1466	58.99	66.57	65.99	57.31	65.57	69.65	59.60	44.25
1467	59.04	66.46	65.85	57.37	65.59	69.41	59.67	44.25
1468	59.09	66.35	65.70	57.42	65.60	69.17	59.73	44.26
1469	59.13	66.23	65.55	57.47	65.61	68.94	59.78	44.27
1470	59.18	66.10	65.39	57.51	65.61	68.70	59.84	44.28
1471	59.22	65.97	65.22	57.54	65.60	68.46	59.89	44.29
1472	59.26	65.83	65.06	57.58	65.59	68.23	59.93	44.30
1473	59.29	65.70	64.88	57.61	65.57	68.00	59.96	44.31
1474	59.32	65.56	64.71	57.64	65.54	67.78	59.99	44.32
1475	59.35	65.41	64.53	57.67	65.51	67.55	60.02	44.33
1476	59.38	65.27	64.35	57.69	65.48	67.32	60.04	44.34
1477	59.40	65.13	64.17	57.71	65.44	67.11	60.05	44.35
1478	59.42	64.98	64.00	57.73	65.40	66.89	60.07	44.36
1479	59.44	64.84	63.82	57.74	65.35	66.69	60.07	44.37
1480	59.46	64.70	63.65	57.75	65.30	66.48	60.07	44.38
1481	59.47	64.56	63.47	57.76	65.24	66.27	60.07	44.38
1482	59.48	64.40	63.29	57.76	65.19	66.08	60.07	44.40
1483	59.49	64.26	63.12	57.76	65.13	65.88	60.06	44.41
1484	59.50	64.12	62.95	57.77	65.07	65.70	60.04	44.42
1485	59.50	63.98	62.78	57.76	65.00	65.51	60.02	44.43
1486	59.51	63.84	62.62	57.76	64.94	65.32	60.00	44.44
1487	59.50	63.70	62.45	57.75	64.87	65.15	59.98	44.45
1488	59.50	63.57	62.28	57.74	64.81	64.97	59.95	44.47
1489	59.50	63.43	62.12	57.73	64.73	64.81	59.92	44.48
1490	59.49	63.30	61.96	57.72	64.66	64.63	59.88	44.49
1491	59.48	63.16	61.81	57.70	64.59	64.47	59.84	44.50
1492	59.47	63.03	61.65	57.68	64.51	64.31	59.81	44.51
1493	59.46	62.90	61.50	57.66	64.44	64.15	59.77	44.53
1494	59.45	62.77	61.35	57.64	64.36	64.00	59.72	44.54
1495	59.44	62.65	61.20	57.62	64.28	63.84	59.67	44.55
1496	59.42	62.52	61.05	57.60	64.20	63.70	59.62	44.57
1497	59.41	62.40	60.91	57.57	64.12	63.55	59.57	44.58
1498	59.38	62.28	60.77	57.54	64.05	63.41	59.52	44.59
1499	59.37	62.16	60.62	57.52	63.97	63.27	59.46	44.60
1500	59.35	62.04	60.49	57.49	63.88	63.13	59.41	44.61
1501	59.33	61.93	60.36	57.46	63.81	63.00	59.35	44.62
1502	59.31	61.81	60.23	57.43	63.72	62.86	59.29	44.63
1503	59.28	61.69	60.09	57.40	63.64	62.73	59.23	44.65
1504	59.26	61.59	59.97	57.37	63.56	62.60	59.17	44.66
1505	59.24	61.48	59.84	57.34	63.48	62.48	59.11	44.67
1506	59.21	61.37	59.72	57.31	63.39	62.36	59.04	44.68
1507	59.19	61.26	59.60	57.28	63.31	62.24	58.98	44.70
1508	59.16	61.16	59.48	57.24	63.23	62.11	58.91	44.70
1509	59.13	61.06	59.36	57.20	63.14	62.00	58.84	44.72
1510	59.11	60.96	59.25	57.17	63.06	61.89	58.78	44.73
1511	59.08	60.86	59.13	57.14	62.98	61.77	58.71	44.75
1512	59.05	60.76	59.02	57.10	62.89	61.66	58.64	44.76
1513	59.02	60.66	58.92	57.07	62.81	61.55	58.57	44.77
1514	58.99	60.56	58.81	57.02	62.72	61.44	58.50	44.79
1515	58.96	60.47	58.70	56.99	62.64	61.34	58.43	44.80
1516	58.93	60.38	58.60	56.95	62.56	61.23	58.36	44.82
1517	58.90	60.29	58.49	56.91	62.48	61.13	58.28	44.83
1518	58.87	60.20	58.39	56.87	62.40	61.03	58.22	44.84
1519	58.83	60.11	58.30	56.83	62.31	60.93	58.14	44.85
1520	58.80	60.03	58.20	56.80	62.23	60.83	58.07	44.86
1521	58.77	59.94	58.10	56.76	62.14	60.73	58.00	44.88
1522	58.73	59.85	58.01	56.71	62.06	60.63	57.92	44.89
1523	58.70	59.77	57.92	56.68	61.98	60.54	57.85	44.90
1524	58.67	59.69	57.83	56.63	61.90	60.45	57.78	44.91
1525	58.63	59.61	57.74	56.59	61.81	60.36	57.71	44.92
1526	58.60	59.53	57.65	56.55	61.73	60.27	57.63	44.94
1527	58.57	59.45	57.56	56.51	61.65	60.18	57.56	44.95
1528	58.53	59.38	57.48	56.47	61.57	60.09	57.49	44.96
1529	58.50	59.30	57.39	56.42	61.49	60.00	57.42	44.97
1530	58.47	59.23	57.31	56.38	61.41	59.92	57.34	44.99
1531	58.43	59.15	57.23	56.34	61.33	59.84	57.28	45.00
1532	58.39	59.08	57.15	56.30	61.25	59.75	57.21	45.01
1533	58.36	59.01	57.07	56.26	61.17	59.66	57.13	45.03
1534	58.33	58.93	56.99	56.21	61.09	59.58	57.06	45.04
1535	58.29	58.87	56.92	56.17	61.01	59.51	56.99	45.05
1536	58.25	58.80	56.85	56.13	60.93	59.44	56.92	45.06
1537	58.22	58.74	56.78	56.08	60.86	59.40	56.85	45.08
1538	58.19	58.69	56.73	56.04	60.77	59.41	56.78	45.09
1539	58.15	58.65	56.70	56.00	60.70	59.46	56.71	45.10
1540	58.11	58.64	56.70	55.96	60.63	59.55	56.64	45.11
1541	58.08	58.64	56.71	55.91	60.56	59.69	56.57	45.12
1542	58.04	58.66	56.75	55.87	60.50	59.86	56.51	45.13
1543	58.01	58.70	56.81	55.83	60.44	60.06	56.44	45.15
1544	57.97	58.76	56.89	55.79	60.40	60.28	56.38	45.16
1545	57.94	58.84	56.99	55.75	60.36	60.51	56.32	45.17
1546	57.91	58.93	57.11	55.71	60.33	60.77	56.26	45.18
1547	57.88	59.03	57.25	55.68	60.31	61.03	56.21	45.19
1548	57.85	59.15	57.40	55.64	60.30	61.30	56.16	45.19
1549	57.82	59.28	57.56	55.61	60.30	61.57	56.11	45.20
1550	57.79	59.41	57.73	55.58	60.31	61.85	56.07	45.21
1551	57.77	59.55	57.90	55.56	60.33	62.12	56.04	45.23
1552	57.74	59.71	58.09	55.53	60.35	62.39	56.01	45.24
1553	57.72	59.86	58.28	55.51	60.38	62.67	55.98	45.24
1554	57.71	60.02	58.49	55.50	60.42	62.94	55.97	45.26
1555	57.69	60.19	58.68	55.49	60.47	63.21	55.95	45.26
1556	57.69	60.36	58.89	55.48	60.52	63.47	55.94	45.27
1557	57.68	60.53	59.09	55.47	60.57	63.73	55.93	45.28
1558	57.67	60.70	59.30	55.47	60.63	63.99	55.93	45.29
1559	57.67	60.87	59.51	55.47	60.70	64.25	55.94	45.30
1560	57.67	61.04	59.71	55.47	60.77	64.49	55.95	45.31
1561	57.67	61.22	59.92	55.48	60.84	64.74	55.97	45.32
1562	57.68	61.39	60.13	55.49	60.92	64.97	55.99	45.32
1563	57.68	61.56	60.33	55.50	61.00	65.21	56.01	45.33
1564	57.69	61.73	60.54	55.51	61.09	65.43	56.04	45.34
1565	57.71	61.91	60.74	55.53	61.17	65.67	56.08	45.35
1566	57.73	62.08	60.94	55.56	61.26	65.89	56.11	45.35
1567	57.74	62.25	61.14	55.58	61.35	66.10	56.15	45.36
1568	57.76	62.41	61.34	55.61	61.45	66.31	56.20	45.37
1569	57.78	62.58	61.53	55.64	61.54	66.52	56.25	45.38
1570	57.81	62.74	61.72	55.67	61.64	66.72	56.30	45.39
1571	57.84	62.91	61.92	55.70	61.73	66.92	56.36	45.40
1572	57.86	63.07	62.10	55.73	61.83	67.12	56.42	45.40
1573	57.89	63.23	62.29	55.77	61.93	67.31	56.48	45.41
1574	57.93	63.39	62.47	55.82	62.03	67.50	56.54	45.41
1575	57.96	63.54	62.64	55.86	62.14	67.68	56.61	45.42
1576	58.00	63.70	62.83	55.90	62.24	67.86	56.68	45.43
1577	58.03	63.85	62.99	55.94	62.35	68.04	56.75	45.44
1578	58.07	64.00	63.17	55.99	62.45	68.21	56.82	45.44
1579	58.11	64.15	63.33	56.03	62.56	68.37	56.90	45.45
1580	58.15	64.29	63.50	56.08	62.66	68.54	56.98	45.45
1581	58.19	64.43	63.67	56.13	62.77	68.71	57.06	45.46
1582	58.23	64.58	63.83	56.18	62.88	68.87	57.14	45.46
1583	58.28	64.72	63.98	56.24	62.98	69.02	57.22	45.47
1584	58.32	64.86	64.14	56.29	63.09	69.18	57.30	45.48
1585	58.37	64.99	64.29	56.34	63.20	69.33	57.39	45.48
1586	58.42	65.12	64.44	56.40	63.31	69.48	57.47	45.49
1587	58.46	65.26	64.60	56.45	63.42	69.62	57.56	45.49
1588	58.51	65.39	64.73	56.51	63.52	69.77	57.65	45.50
1589	58.56	65.52	64.88	56.56	63.63	69.92	57.73	45.50
1590	58.61	65.65	65.02	56.62	63.74	70.05	57.83	45.51
1591	58.66	65.77	65.16	56.68	63.85	70.19	57.92	45.51
1592	58.71	65.90	65.29	56.74	63.95	70.33	58.01	45.52
1593	58.77	66.02	65.43	56.80	64.07	70.47	58.10	45.53
1594	58.82	66.14	65.56	56.86	64.17	70.59	58.19	45.54
1595	58.87	66.26	65.69	56.92	64.28	70.72	58.29	45.54
1596	58.92	66.37	65.81	56.98	64.39	70.85	58.39	45.54
1597	58.98	66.49	65.94	57.04	64.49	70.97	58.48	45.55
1598	59.03	66.61	66.06	57.10	64.60	71.10	58.57	45.55
1599	59.08	66.72	66.18	57.16	64.71	71.21	58.67	45.56
1600	59.14	66.83	66.30	57.22	64.81	71.34	58.76	45.57
1601	59.19	66.94	66.42	57.29	64.92	71.45	58.86	45.57
1602	59.25	67.05	66.53	57.35	65.02	71.57	58.95	45.58
1603	59.31	67.15	66.64	57.41	65.13	71.69	59.05	45.59
1604	59.36	67.26	66.75	57.47	65.24	71.80	59.15	45.59
1605	59.42	67.36	66.86	57.53	65.34	71.91	59.24	45.60
1606	59.47	67.47	66.96	57.59	65.45	72.02	59.34	45.60
1607	59.53	67.57	67.07	57.66	65.55	72.13	59.43	45.60
1608	59.58	67.66	67.17	57.72	65.66	72.24	59.53	45.61
1609	59.64	67.76	67.28	57.78	65.76	72.34	59.62	45.62
1610	59.70	67.86	67.37	57.84	65.86	72.45	59.72	45.62
1611	59.75	67.95	67.47	57.91	65.96	72.55	59.81	45.63
1612	59.81	68.05	67.57	57.97	66.07	72.65	59.90	45.64
1613	59.87	68.14	67.67	58.03	66.17	72.75	60.00	45.65
1614	59.93	68.23	67.76	58.09	66.27	72.84	60.09	45.65
1615	59.98	68.31	67.84	58.16	66.37	72.90	60.19	45.66
1616	60.04	68.38	67.91	58.22	66.47	72.92	60.28	45.67
1617	60.10	68.44	67.96	58.28	66.57	72.89	60.37	45.67
1618	60.16	68.48	67.99	58.34	66.66	72.83	60.47	45.68
1619	60.21	68.51	67.99	58.40	66.76	72.73	60.55	45.69
1620	60.27	68.51	67.98	58.46	66.84	72.60	60.64	45.69
1621	60.33	68.49	67.94	58.52	66.92	72.44	60.73	45.70
1622	60.38	68.46	67.88	58.58	66.99	72.26	60.82	45.71
1623	60.44	68.42	67.81	58.64	67.05	72.06	60.90	45.72
1624	60.49	68.35	67.72	58.70	67.11	71.85	60.98	45.72
1625	60.55	68.28	67.61	58.75	67.15	71.64	61.06	45.73
1626	60.60	68.19	67.50	58.80	67.18	71.40	61.13	45.74
1627	60.65	68.09	67.36	58.85	67.21	71.18	61.20	45.75
1628	60.70	67.99	67.23	58.90	67.23	70.94	61.26	45.76
1629	60.74	67.88	67.08	58.95	67.24	70.70	61.32	45.77
1630	60.78	67.75	66.92	58.99	67.25	70.46	61.37	45.78
1631	60.82	67.63	66.76	59.02	67.24	70.23	61.42	45.79
1632	60.86	67.50	66.60	59.06	67.23	69.99	61.46	45.79
1633	60.90	67.36	66.43	59.09	67.22	69.76	61.50	45.80
1634	60.93	67.22	66.25	59.12	67.19	69.52	61.54	45.81
1635	60.96	67.08	66.08	59.15	67.16	69.29	61.57	45.82
1636	60.99	66.94	65.90	59.17	67.13	69.06	61.59	45.83
1637	61.01	66.79	65.72	59.20	67.09	68.84	61.60	45.84
1638	61.03	66.65	65.55	59.22	67.05	68.63	61.62	45.85
1639	61.05	66.50	65.37	59.23	67.01	68.41	61.62	45.86
1640	61.07	66.36	65.20	59.24	66.96	68.20	61.63	45.87
1641	61.08	66.21	65.02	59.25	66.90	68.00	61.63	45.88
1642	61.09	66.06	64.84	59.26	66.85	67.80	61.62	45.89
1643	61.10	65.92	64.67	59.26	66.79	67.60	61.62	45.90
1644	61.10	65.78	64.50	59.26	66.73	67.40	61.61	45.91
1645	61.11	65.64	64.32	59.26	66.67	67.21	61.59	45.92
1646	61.11	65.49	64.16	59.25	66.60	67.03	61.57	45.93
1647	61.11	65.36	63.99	59.25	66.53	66.84	61.54	45.94
1648	61.11	65.22	63.82	59.24	66.47	66.66	61.52	45.95
1649	61.10	65.08	63.66	59.23	66.40	66.49	61.49	45.97
1650	61.10	64.95	63.50	59.21	66.33	66.32	61.45	45.98
1651	61.09	64.81	63.34	59.20	66.25	66.15	61.42	45.98
1652	61.08	64.67	63.18	59.18	66.17	65.98	61.38	46.00
1653	61.07	64.55	63.03	59.16	66.10	65.82	61.34	46.01
1654	61.05	64.41	62.87	59.14	66.02	65.66	61.30	46.02
1655	61.04	64.28	62.72	59.12	65.94	65.51	61.25	46.03
1656	61.02	64.16	62.58	59.09	65.86	65.35	61.20	46.04
1657	61.01	64.03	62.43	59.07	65.78	65.20	61.15	46.05
1658	60.99	63.91	62.28	59.05	65.70	65.06	61.09	46.06
1659	60.97	63.79	62.15	59.02	65.62	64.91	61.04	46.08
1660	60.95	63.67	62.00	58.99	65.53	64.77	60.98	46.09
1661	60.92	63.55	61.87	58.96	65.46	64.64	60.93	46.10
1662	60.90	63.43	61.73	58.93	65.37	64.50	60.87	46.12
1663	60.87	63.31	61.60	58.90	65.28	64.36	60.81	46.13
1664	60.85	63.20	61.47	58.87	65.20	64.24	60.74	46.14
1665	60.82	63.09	61.34	58.83	65.12	64.11	60.67	46.15
1666	60.80	62.98	61.22	58.80	65.03	63.98	60.61	46.16
1667	60.77	62.87	61.09	58.77	64.95	63.86	60.55	46.18
1668	60.74	62.77	60.97	58.73	64.86	63.73	60.48	46.19
1669	60.71	62.66	60.85	58.69	64.78	63.61	60.41	46.20
1670	60.69	62.56	60.73	58.65	64.69	63.50	60.34	46.21
1671	60.66	62.46	60.62	58.61	64.61	63.38	60.27	46.23
1672	60.63	62.36	60.51	58.58	64.52	63.26	60.20	46.24
1673	60.60	62.25	60.39	58.54	64.43	63.15	60.13	46.25
1674	60.57	62.16	60.28	58.51	64.35	63.04	60.06	46.27
1675	60.53	62.06	60.17	58.46	64.26	62.93	59.99	46.27
1676	60.50	61.97	60.07	58.42	64.17	62.82	59.92	46.29
1677	60.47	61.88	59.97	58.38	64.09	62.72	59.84	46.30
1678	60.43	61.78	59.86	58.34	64.01	62.62	59.77	46.32
1679	60.40	61.69	59.76	58.30	63.92	62.51	59.70	46.33
1680	60.37	61.60	59.66	58.26	63.83	62.41	59.62	46.34
1681	60.33	61.52	59.56	58.22	63.75	62.31	59.55	46.35
1682	60.30	61.43	59.47	58.18	63.66	62.21	59.49	46.37
1683	60.27	61.35	59.37	58.13	63.58	62.11	59.40	46.38
1684	60.23	61.26	59.27	58.09	63.49	62.02	59.33	46.39
1685	60.20	61.18	59.19	58.04	63.41	61.92	59.26	46.40
1686	60.16	61.10	59.09	58.00	63.33	61.83	59.18	46.41
1687	60.12	61.01	59.01	57.96	63.24	61.74	59.11	46.43
1688	60.09	60.93	58.92	57.92	63.16	61.65	59.04	46.44
1689	60.05	60.86	58.84	57.88	63.07	61.56	58.96	46.45
1690	60.02	60.79	58.75	57.83	62.99	61.47	58.89	46.46
1691	59.98	60.70	58.67	57.79	62.91	61.38	58.82	46.47
1692	59.95	60.63	58.59	57.75	62.83	61.30	58.74	46.48
1693	59.91	60.55	58.50	57.71	62.75	61.21	58.67	46.50
1694	59.87	60.48	58.43	57.66	62.66	61.13	58.60	46.51
1695	59.83	60.41	58.35	57.62	62.58	61.05	58.53	46.52
1696	59.80	60.34	58.28	57.57	62.50	60.99	58.45	46.53
1697	59.76	60.29	58.22	57.53	62.43	60.98	58.38	46.54
1698	59.72	60.24	58.18	57.49	62.35	61.00	58.31	46.55
1699	59.69	60.21	58.16	57.44	62.27	61.08	58.24	46.56
1700	59.65	60.20	58.16	57.40	62.19	61.19	58.17	46.57
1701	59.61	60.21	58.18	57.36	62.13	61.35	58.11	46.58
1702	59.58	60.24	58.23	57.32	62.07	61.52	58.03	46.60
1703	59.54	60.29	58.31	57.28	62.01	61.72	57.97	46.60
1704	59.51	60.36	58.39	57.23	61.97	61.96	57.90	46.61
1705	59.47	60.44	58.51	57.20	61.94	62.19	57.84	46.62
1706	59.43	60.53	58.63	57.15	61.91	62.45	57.79	46.63
1707	59.40	60.64	58.77	57.12	61.89	62.71	57.73	46.64
1708	59.37	60.76	58.92	57.09	61.89	62.97	57.69	46.65
1709	59.34	60.89	59.08	57.05	61.89	63.25	57.64	46.66
1710	59.32	61.03	59.26	57.02	61.90	63.52	57.60	46.67
1711	59.29	61.17	59.43	57.00	61.91	63.79	57.56	46.68
1712	59.27	61.33	59.62	56.98	61.94	64.06	57.53	46.69
1713	59.25	61.48	59.81	56.96	61.97	64.32	57.51	46.70
1714	59.23	61.64	60.01	56.94	62.01	64.60	57.49	46.70
1715	59.22	61.80	60.21	56.93	62.06	64.85	57.47	46.71
1716	59.21	61.97	60.41	56.92	62.11	65.12	57.47	46.72
1717	59.20	62.14	60.61	56.92	62.17	65.37	57.47	46.73
1718	59.19	62.30	60.82	56.92	62.22	65.62	57.47	46.74
1719	59.19	62.47	61.03	56.91	62.29	65.87	57.48	46.74
1720	59.19	62.65	61.23	56.92	62.36	66.11	57.49	46.75
1721	59.19	62.81	61.44	56.93	62.43	66.36	57.51	46.76
1722	59.20	62.99	61.63	56.93	62.51	66.59	57.53	46.77
1723	59.21	63.15	61.84	56.95	62.59	66.82	57.55	46.77
1724	59.22	63.33	62.04	56.96	62.67	67.03	57.58	46.78
1725	59.23	63.49	62.24	56.98	62.76	67.26	57.62	46.79
1726	59.25	63.66	62.44	57.01	62.84	67.47	57.66	46.80
1727	59.26	63.82	62.63	57.03	62.94	67.68	57.70	46.81
1728	59.28	63.99	62.83	57.06	63.03	67.88	57.74	46.81
1729	59.30	64.15	63.02	57.08	63.12	68.09	57.79	46.82
1730	59.33	64.31	63.21	57.12	63.21	68.29	57.85	46.83
1731	59.35	64.47	63.40	57.15	63.31	68.48	57.90	46.83
1732	59.38	64.63	63.58	57.19	63.40	68.67	57.96	46.84
1733	59.41	64.78	63.76	57.22	63.50	68.86	58.02	46.85
1734	59.44	64.93	63.94	57.26	63.60	69.04	58.09	46.85
1735	59.47	65.09	64.11	57.30	63.71	69.22	58.15	46.86
1736	59.51	65.24	64.29	57.34	63.80	69.39	58.22	46.86
1737	59.54	65.39	64.46	57.38	63.91	69.56	58.29	46.87
1738	59.58	65.53	64.62	57.43	64.00	69.73	58.36	46.88
1739	59.62	65.68	64.79	57.48	64.11	69.89	58.44	46.88
1740	59.66	65.82	64.95	57.52	64.21	70.06	58.51	46.89
1741	59.70	65.96	65.11	57.57	64.32	70.22	58.59	46.89
1742	59.74	66.10	65.27	57.62	64.42	70.38	58.67	46.90
1743	59.78	66.24	65.42	57.67	64.52	70.53	58.75	46.90
1744	59.83	66.37	65.58	57.72	64.63	70.68	58.83	46.91
1745	59.87	66.51	65.72	57.77	64.73	70.82	58.92	46.91
1746	59.91	66.64	65.87	57.83	64.84	70.97	59.00	46.92
1747	59.96	66.77	66.01	57.88	64.94	71.11	59.09	46.92
1748	60.01	66.89	66.15	57.94	65.05	71.25	59.18	46.93
1749	60.06	67.02	66.29	57.99	65.15	71.39	59.27	46.93
1750	60.10	67.14	66.43	58.05	65.26	71.53	59.35	46.94
1751	60.15	67.27	66.56	58.10	65.36	71.66	59.44	46.95
1752	60.20	67.39	66.69	58.17	65.47	71.80	59.53	46.95
1753	60.25	67.51	66.83	58.22	65.57	71.92	59.63	46.95
1754	60.30	67.62	66.95	58.28	65.69	72.05	59.72	46.96
1755	60.35	67.74	67.08	58.34	65.78	72.17	59.81	46.97
1756	60.40	67.85	67.20	58.40	65.89	72.29	59.90	46.97
1757	60.45	67.97	67.32	58.45	65.99	72.42	60.00	46.98
1758	60.51	68.07	67.44	58.51	66.09	72.54	60.09	46.98
1759	60.56	68.18	67.56	58.57	66.20	72.66	60.19	46.99
1760	60.61	68.29	67.67	58.64	66.30	72.77	60.28	46.99
1761	60.67	68.39	67.78	58.69	66.40	72.89	60.37	47.00
1762	60.72	68.50	67.89	58.75	66.51	73.00	60.46	47.00
1763	60.77	68.60	68.00	58.81	66.61	73.11	60.55	47.01
1764	60.83	68.71	68.11	58.87	66.71	73.22	60.65	47.01
1765	60.88	68.81	68.21	58.93	66.81	73.33	60.74	47.02
1766	60.93	68.90	68.32	59.00	66.91	73.44	60.84	47.03
1767	60.99	69.01	68.42	59.06	67.01	73.54	60.93	47.03
1768	61.04	69.10	68.52	59.12	67.12	73.65	61.03	47.04
1769	61.10	69.20	68.62	59.18	67.21	73.75	61.11	47.04
